20	5.98622221439096
20.290906698750476	5.9858260136757195
20.586044732869844	5.985429037218911
20.885475648548283	5.985030135058347
21.189261887185914	5.984627668829619
21.49746679841394	5.9842195055192855
21.810154653305165	5.983803152623435
22.12739065777668	5.9833757837230435
22.449240966187475	5.9829343555014365
22.77577269513385	5.982475565086666
23.107053937445478	5.9819957986876915
23.44315377638505	5.981491222687632
23.784142300054445	5.980957765913
24.130090616010463	5.980391194821706
24.481070866093134	5.979787080332643
24.837156241469714	5.979140858376781
25.1984209978975	5.978447782538059
25.56494047120865	5.977702971232806
25.936791093020236	5.976901347354068
26.3140504066728	5.97603767324431
26.69679708340074	5.975106478410476
27.08511093873791	5.974102134274765
27.47907294916184	5.973018923760883
27.878765268980047	5.971850953038347
28.284271247461966	5.970592160357483
28.695675446220072	5.969236217758034
29.11306365684382	5.967776530360614
29.536522918790062	5.966206128258808
29.966141537533712	5.964517656409609
30.402009102982383	5.962703256752917
30.844216508158908	5.960754600577954
31.29285596815558	5.9586629683189285
31.74802103936409	5.956419273315258
32.20980663898519	5.954013925369193
32.67830906482211	5.951436846110543
33.153626015361866	5.948677480013787
33.63585661014871	5.945724644144975
34.125101410453844	5.942566530910497
34.62146244024586	5.9391907064826945
35.12504320746613	5.935583946748968
35.635948725613716	5.931732227612987
36.15428553564419	5.927620764441049
36.68016172818701	5.923233994565711
37.21368696608603	5.918555395834936
37.754972507267915	5.913567461893969
38.30413122794313	5.908251727929221
38.86127764614443	5.902588793845094
39.4265279456077	5.896558345229261
40.000000000000206	5.890139117906449
40.58181339750116	5.883308697117165
41.1720894657399	5.876043478681297
41.77095129709678	5.868318684045793
42.37852377437204	5.8601083754009196
42.9949335968281	5.851385471510019
43.62030930661056	5.842121764954323
44.25478131555359	5.832287941539999
44.89848193237519	5.821853602643166
45.55154539026795	5.810787291288353
46.21410787489121	5.799056465973283
46.88630755277036	5.786627366251279
47.56828460010916	5.773465167903239
48.260181232021196	5.759533916920184
48.962141732186545	5.7447967582765775
49.674312482939705	5.729216058778221
50.39684199579528	5.712753482071583
51.129880942417586	5.695370073814091
51.873582186040764	5.677026357598143
52.628100813345895	5.657682442094378
53.393594166801776	5.637298139732252
54.17022187747612	5.615833097062593
54.95814589832399	5.593246936759598
55.75753053796041	5.569499411007506
56.56854249492426	5.5445505657856735
57.39135089244048	5.518360915307546
58.226127313687975	5.490891564131364
59.073045837580466	5.462104090549458
59.932283075067765	5.4319603712989455
60.804018205965114	5.400422469031698
61.68843301631817	5.367452831782973
62.58571193631152	5.3330148073266175
63.49604207872855	5.297073286885041
64.41961327797075	5.259595542090475
65.35661812964459	5.220551808358926
66.3072520307241	5.179915544639824
67.27171322029778	5.137663620209935
68.25020282090806	5.093776488913081
69.2429248804921	5.048238413214637
70.25008641493265	5.001037866528538
71.27189745122783	4.952167781192804
72.30857107128878	4.901625902390904
73.36032345637442	4.849414908143906
74.42737393217246	4.795542490591474
75.50994501453623	4.740021596182098
76.60826245588666	4.682870479484083
77.72255529228926	4.624112838480741
78.85305589121582	4.563777678719319
80.00000000000082	4.5018991076755785
81.16362679500274	4.438516263808529
82.34417893148023	4.373673023197677
83.541902594194	4.307417762328374
84.75704754874454	4.239802886170108
85.98986719365665	4.1708844792443704
87.24061861322157	4.1007219338957945
88.50956263110764	4.029377557103956
89.79696386475084	3.956916380728048
91.10309078053635	3.8834059579467284
92.42821574978288	3.808915999821943
93.77261510554118	3.7335177042273626
95.13656920021877	3.65728347351411
96.52036246404286	3.5802878163407996
97.92428346437356	3.5026093946928603
99.34862496587989	3.424333233194779
100.79368399159105	3.345552394424283
102.25976188483567	3.2663685609962956
103.74716437208203	3.1868919130079263
105.25620162669229	3.1072402913686497
106.78718833360406	3.0275382106415667
108.34044375495276	2.94791588441786
109.9162917966485	2.868508347371578
111.51506107592134	2.7894548404043746
113.13708498984903	2.710897947992963
114.78270178488147	2.632982731805977
116.45225462737648	2.555856018466476
118.14609167516147	2.4796650428191667
119.86456615013608	2.404555587326989
121.60803641193078	2.3306687788979485
123.3768660326369	2.2581367572565756
125.17142387262359	2.1870781613666983
126.99208415745765	2.1175945097881153
128.83922655594208	2.0497684095463082
130.71323625928977	1.9836637271276536
132.61450406144883	1.919327206380907
134.5434264405962	1.8567907207766443
136.50040564181674	1.7960740939562503
138.48584976098482	1.7371888100348816
140.50017282986593	1.680142162171717
142.5437949024563	1.6249406755418914
144.61714214257822	1.5715914960813135
146.7206469127495	1.5201024138180412
148.8547478643456	1.470482426659867
151.01989002907314	1.4227411003641302
153.216524911774	1.3768868010821502
155.4451105845792	1.332925241823157
157.70611178243232	1.2908591998731413
160.00000000000236	1.2506893188222619
162.3272535900062	1.2124136174509146
164.6883578629612	1.1760256610800655
167.08380518838874	1.1415124556832397
169.51409509748981	1.1088529473579056
171.97973438731407	1.078018279810777
174.4812372264439	1.0489743196203714
177.01912526221608	1.02168534996999
179.5939277295025	0.996117080922271
182.20618156107355	0.9722376398181143
184.85643149956664	0.9500165948643957
187.54523021108326	0.9294234035883653
190.27313840043846	0.9104258746803344
193.04072492808663	0.8929896361245357
195.84856692874806	0.8770788874707145
198.69724993176072	0.8626584747825459
201.58736798318304	0.8496969350832257
204.5195237696723	0.8381686959993251
207.49432874416505	0.8280539311773958
210.5124032533856	0.8193357038177471
213.57437666720915	0.8119949681158674
216.68088750990657	0.8060063654264571
219.83258359329807	0.8013369164772612
223.03012215184378	0.7979481145737508
226.2741699796992	0.795797816525412
229.5654035697641	0.7948412128070843
232.90450925475412	0.7950320185380595
236.2921833503241	0.7963234399208066
239.72913230027333	0.7986666649647292
243.21607282386276	0.8020098641241447
246.75373206527502	0.8063011208905704
250.34284774524843	0.8114937228571474
253.9841683149166	0.8175510744797541
257.67845311188546	0.8244509108985938
261.42647251858085	0.8321878100995435
265.22900812289896	0.8407735903775433
269.08685288119375	0.8502336473682882
273.0008112836349	0.8606014155924091
276.97169952197106	0.8719127077854564
281.00034565973334	0.8841995146667314
285.0875898049141	0.8974833662891979
289.23428428515797	0.9117705254458363
293.44129382550057	0.927052674336214
297.7094957286928	0.943311609543285
302.0397800581479	0.9605228615496935
306.4330498235497	0.9786563170080126
310.89022116916016	0.9976766157256273
315.41222356486645	1.0175448778253122
320.00000000000654	1.0382210297707841
324.6545071800142	1.059662760290948
329.3767157259242	1.0818212229839586
334.16761037677935	1.1046393946085953
339.02819019498156	1.128057843262693
343.95946877463007	1.1520248492933705
348.9624744528898	1.1765050697191857
354.03825052443415	1.2014827970939137
359.187855459007	1.2269618425802933
364.4123631221491	1.2529646020473202
369.71286299913527	1.279530685187871
375.0904604221685	1.3067115371864455
380.54627680087896	1.334561307234312
386.08144985617537	1.3631299690160352
391.6971338574982	1.3924616135107495
397.3944998635236	1.42259531451347
403.1747359663683	1.4535635809878482
409.0390475393468	1.485389776404475
414.9886574883323	1.5180880276238877
421.0248065067734	1.5516651314370857
427.1487533344206	1.5861202378721317
433.3617750198154	1.6214452011528353
439.6651671865984	1.6576261479008063
446.06024430368984	1.6946449264836532
452.54833995940066	1.7324824427022074
459.13080713953053	1.7711210608083405
465.8090185095106	1.8105442852927598
472.58436670065066	1.850734820026256
479.45826460054917	1.8916718450135317
486.432145647728	1.9333256272442845
493.50746413055253	1.9756512919870914
500.6856954904994	2.018586244704018
507.9683366298358	2.0620492049701236
515.3569062237735	2.1059410611770635
522.8529450371643	2.1501471165060013
530.4580162458005	2.194540276979588
538.1737057623901	2.238979866311012
546.0016225672724	2.2833097100651294
553.9433990439449	2.3273611663732905
562.0006913194694	2.3709620350872265
570.1751796098309	2.4139482518774518
578.4685685703187	2.4561746909405113
586.8825876510039	2.497522275101777
595.4189914573883	2.537898365680713
604.0795601162986	2.5772315713269247
612.8660996471021	2.6154641878070772
621.780442338323	2.6525477356001654
630.8244471297356	2.6884427271055915
640.0000000000159	2.7231199574165266
649.3090143600314	2.7565573232499907
658.7534314518515	2.7887297863840854
668.3352207535618	2.8195962973078976
678.0563803899662	2.8490886968098548
687.9189375492632	2.877105655572413
697.9249489057827	2.903511622136031
708.0765010488715	2.9281374166417615
718.3757109180171	2.9507829974827677
728.8247262443015	2.971227117573382
739.425725998274	2.9892458912670357
750.1809208443404	3.004639293635189
761.0925536017613	3.017256422586115
772.1628997123541	3.027011284302534
783.3942677149998	3.0338890808775663
794.7889997270506	3.037950169419764
806.34947193274	3.0393368321380216
818.0780950786972	3.0382863108390814
829.9773149766683	3.035144451745517
842.0496130135506	3.0303772090513257
854.2975066688449	3.0245684082313415
866.7235500396347	3.018399963082951
879.3303343732008	3.0126263123959216
892.1204886073838	3.0080446327852375
905.0966799188055	3.0054630310448283
918.2616142790653	3.00567513256831
931.6180370190256	3.009439378412706
945.1687334013056	3.0174570449996265
958.9165292011028	3.030354445980218
972.8642912954606	3.048663332887889
987.0149282611097	3.0727981416760493
1001.3713909810035	3.1030383887738733
1015.9366732596762	3.139512925802785
1030.7138124475518	3.1821897649707065
1045.7058900743334	3.2308719733300677
1060.916032491606	3.285198506503192
1076.3474115247852	3.344656551564699
1092.0032451345498	3.4086061911915926
1107.8867980878947	3.4763153781361926
1124.0013826389438	3.5469879324298406
1140.350359219667	3.6197779772838827
1156.9371371406426	3.6938139341610503
1173.765175302013	3.7682395067798926
1190.837982914782	3.8422759243471294
1208.1591202326028	3.915307857122279
1225.73219929421	3.9869809796440543
1243.5608846766518	4.057236696009135
1261.648894259477	4.126249869610809
1280.0000000000375	4.194353932291024
1298.6180287200684	4.261980850213251
1317.5068629037087	4.329615844926041
1336.6704415071292	4.397763583884017
1356.112760779938	4.466919414950747
1375.8378750985323	4.5375472904999485
1395.8498978115715	4.610068742082804
1416.153002097749	4.684863846024627
1436.7514218360407	4.762272114657676
1457.6494524886093	4.842590240010751
1478.8514519965543	4.926073374077007
1500.3618416886875	5.012933173791382
1522.1851072035295	5.103324265931717
1544.3257994247153	5.1973317282397415
1566.788535430007	5.2949918137685135
1589.5779994541087	5.396315651051569
1612.6989438654878	5.50131110078993
1636.156190157402	5.6100023628117865
1659.9546299533442	5.722441989352559
1684.099226027109	5.838717925131334
1708.5950133376978	5.958951118064074
1733.4471000792773	6.083289420313349
1758.6606687464096	6.211903574148658
1784.2409772147755	6.344980054237734
1810.193359837619	6.482714571799359
1836.5232285581387	6.6253061828841995
1863.2360740380593	6.772949884787328
1890.3374668026197	6.925827523379318
1917.833058402214	7.084101092172059
1945.7285825909298	7.247904504550508
1974.0298565222283	7.417343198285573
2002.7427819620161	7.592491681213504
2031.8733465193618	7.7733974527676235
2061.4276248951132	7.9600818170576755
2091.411780148677	8.152547378614424
2121.832064983222	8.350780652850593
2152.694823049581	8.554755825695675
2184.0064902691106	8.764441074275396
2215.7735961758003	8.979798530887257
2248.002765277899	9.200776762892701
2280.7007184393456	9.427294649953529
2313.874274281297	9.659210076427486
2347.530350604038	9.896281810170406
2381.6759658295764	10.138119621745895
2416.318240465218	10.384122410004183
2451.4643985884327	10.633400571858592
2487.1217693533167	10.884689456588003
2523.2977885189675	11.136257067217349
2560.0000000000887	11.38582105018289
2597.236057440151	11.630508170870288
2635.0137258074315	11.866846200390707
2673.340883014273	12.090842969115403
2712.225521559891	12.29817899911654
2751.6757501970797	12.48450278753314
2791.699795623158	12.645795016337871
2832.3060041955137	12.778751913287191
2873.502843672097	12.881131460145088
2915.2989049772345	12.951928438476797
2957.7029039931244	12.991330064335138
3000.723683377391	13.000545642143427
3044.370214407075	12.981589571817096
3088.6515988494466	12.937129303533771
3133.57707086003	12.870380230858348
3179.1559989082334	12.784936206898587
3225.3978877309914	12.684538368916607
3272.3123803148205	12.57281630257382
3319.9092599067053	12.453084192741258
3368.198452054235	12.328189404241751
3417.190026675413	12.200439444866706
3466.8942001585724	12.071597442669106
3517.3213374928373	11.94293647522883
3568.4819544295697	11.815349277310826
3620.386719675257	11.68946895721038
3673.0464571162966	11.56575438385978
3726.472148076138	11.444575785587443
3780.6749336052594	11.326268847392782
3835.6661168044484	11.211142361391117
3891.45716518188	11.099477314364773
3948.059713044477	10.991522431102391
4005.4855639240527	10.887493519973706
4063.746693038744	10.787554332572308
4122.855249790247	10.691815035604199
4182.823560297375	10.600321669029535
4243.664129966465	10.51303810763003
4305.389646099183	10.429870638340262
4368.012980538242	10.350682485727608
4431.5471923516225	10.275292960117092
4496.00553055582	10.203497064909962
4561.401436878714	10.135086733692173
4627.748548562617	10.069865195503674
4695.060701208099	10.007634918277294
4763.351931659176	9.948204105905589
4832.63648093046	9.891414746076236
4902.928797176889	9.837125257788635
4974.243538706657	9.78516852956474
5046.595577037959	9.73527003467065
5120.000000000202	9.68695004675466
5194.472114880326	9.639339509552752
5270.027451614888	9.590918739692581
5346.6817660285715	9.53923680437618
5424.451043119808	9.480720676771778
5503.351500394186	9.410913000524678
5583.399591246343	9.325377510667023
5664.612008391055	9.22091268428524
5747.005687344222	9.096471145001594
5830.597809954497	8.953462799950053
5915.405807986278	8.795564105541853
6001.447366754812	8.62860902024028
6088.740428814181	8.460583283511486
6177.303197698925	8.30121745306218
6267.154141720092	8.16059156220188
6358.3119978165005	8.0471392228067
6450.795775462017	7.966258297152835
6544.624760629676	7.920175447974451
6639.818519813445	7.908705581959035
6736.396904108505	7.929784272026206
6834.380053350861	7.979543564657791
6933.788400317181	8.052502966961633
7034.642674985712	8.142207487888419
7136.963908859177	8.242201726939122
7240.773439350552	8.346782212813576
7346.092914232631	8.451372074842647
7452.944296152315	8.552364785682387
7561.349867210557	8.646466065299983
7671.332233608935	8.729738135177934
7782.914330363799	8.796528067535455
7896.119426088994	8.838228066676438
8010.971127848146	8.841462763447506
8127.49338607753	8.785790496943278
8245.710499580537	8.643408960326058
8365.647120594791	8.383366387915508
8487.328259932974	7.980946921592046
8610.77929219841	7.431225248807639
8736.025961076528	6.7595855179093185
8863.094384703289	6.0193607013500285
8992.011061111683	5.280034220209535
9122.802873757471	4.614058982778554
9255.497097125279	4.086876601050234
9390.121402416245	3.7510989758659488
9526.7038633184	3.639403958637164
9665.272961860968	3.7528803206971366
9805.857594353829	4.055209625747076
9948.487077413367	4.481185754820864
10093.19115407597	4.949124332195954
10240.000000000457	5.3686621121505365
10388.944229760706	5.647797596087551
10540.05490322983	5.706368946131339
10693.363532057198	5.500935040010849
10848.902086239672	5.050881332962534
11006.703000788428	4.437161887125756
11166.799182492743	3.7692417198645325
11329.224016782166	3.1439552273382017
11494.0113746885	2.6164053807689904
11661.195619909053	2.199037160363325
11830.811615972614	1.8804126185672572
12002.894733509682	1.6421444390367688
12177.48085762842	1.4678917552982076
12354.606395397908	1.3460580091614955
12534.308283440243	1.268802122923299
12716.62399563306	1.2294508226164775
12901.591550924093	1.2198642480604833
13089.249521259411	1.2292943232736537
13279.637039626952	1.2416555503840037
13472.793808217073	1.2304872400747804
13668.760106701786	1.156383532741843
13867.576800634426	0.9741871775664308
14069.285349971487	0.6527565859855812
14273.927817718419	0.20422153818302963
14481.54687870117	-0.30405511114941736
14692.18582846533	-0.7677437044242371
14905.888592304698	-1.075205368630346
15122.699734421185	-1.1492985136489018
15342.664467217943	-0.995714674126459
15565.828660727671	-0.7053189389228582
15792.238852178061	-0.40598899658927234
16021.942255696367	-0.21350092864505774
16254.986772155136	-0.1932246794954871
16491.42099916115	-0.34758339657430626
16731.294241189662	-0.6453361965704975
16974.65651986603	-1.0521139343803567
17221.558584396902	-1.5328553373227425
17472.051922153143	-2.0376242999447443
17726.188769406665	-2.497559761108488
17984.022122223458	-2.841764421437454
18245.605747515034	-3.034392281879589
18510.99419425065	-3.1028401162589434
18780.242804832582	-3.109513471062895
19053.40772663689	-3.100970038358504
19330.545923722028	-3.0956426230499763
19611.71518870775	-3.095621421846652
19896.974154826825	-3.0981354790234237
20186.382308152035	-3.1010823838960273