20	94.03179629274102
20.290906698750476	94.04063969983315
20.586044732869844	94.04941062567354
20.885475648548283	94.05799888461581
21.189261887185914	94.06626729277092
21.49746679841394	94.07407377083842
21.810154653305165	94.08128840619699
22.12739065777668	94.0878014322372
22.449240966187475	94.09352656145902
22.77577269513385	94.09840420300222
23.107053937445478	94.10240225328414
23.44315377638505	94.10551104068226
23.784142300054445	94.10773746709965
24.130090616010463	94.10910002703825
24.481070866093134	94.10962498016063
24.837156241469714	94.1093429630415
25.1984209978975	94.10828658073041
25.56494047120865	94.10648839268596
25.936791093020236	94.1039798297527
26.3140504066728	94.1007904540644
26.69679708340074	94.09694810016113
27.08511093873791	94.09247902563045
27.47907294916184	94.08740777013483
27.878765268980047	94.0817568385733
28.284271247461966	94.07554661068275
28.695675446220072	94.06879532310066
29.11306365684382	94.06151966758081
29.536522918790062	94.05373500015591
29.966141537533712	94.04545628874642
30.402009102982383	94.03669949998833
30.844216508158908	94.02748226099291
31.29285596815558	94.01782234827604
31.74802103936409	94.00773542089514
32.20980663898519	93.99723327660865
32.67830906482211	93.98632362934678
33.153626015361866	93.97501068532593
33.63585661014871	93.96329665677196
34.125101410453844	93.95118333627406
34.62146244024586	93.93867198347799
35.12504320746613	93.92576180592948
35.635948725613716	93.91244790122546
36.15428553564419	93.89871954193177
36.68016172818701	93.88455940326885
37.21368696608603	93.8699434562412
37.754972507267915	93.85484183961846
38.30413122794313	93.83922014157494
38.86127764614443	93.8230402260044
39.4265279456077	93.80626018452782
40.000000000000206	93.78883464789014
40.58181339750116	93.77071609471612
41.1720894657399	93.75185615132672
41.77095129709678	93.73220692744596
42.37852377437204	93.71172335064448
42.9949335968281	93.69036593759999
43.62030930661056	93.66810388677821
44.25478131555359	93.64491528664156
44.89848193237519	93.6207866210406
45.55154539026795	93.59571298351005
46.21410787489121	93.56969885920772
46.88630755277036	93.54275822820051
47.56828460010916	93.51491398349467
48.260181232021196	93.48619774899625
48.962141732186545	93.45664910937566
49.674312482939705	93.4263121447045
50.39684199579528	93.39523129635248
51.129880942417586	93.36344796602165
51.873582186040764	93.33099862188894
52.628100813345895	93.297914393658
53.393594166801776	93.2642214844137
54.17022187747612	93.22994171451066
54.95814589832399	93.19509134969293
55.75753053796041	93.15967884249017
56.56854249492426	93.12370329665674
57.39135089244048	93.08715366287176
58.226127313687975	93.05001139217322
59.073045837580466	93.0122555719032
59.932283075067765	92.9738685604401
60.804018205965114	92.93484230953696
61.68843301631817	92.8951819184599
62.58571193631152	92.85490221363317
63.49604207872855	92.81402006012357
64.41961327797075	92.77254760845594
65.35661812964459	92.73048913435767
66.3072520307241	92.68784204579154
67.27171322029778	92.64459978274817
68.25020282090806	92.60075466688501
69.2429248804921	92.55629978848353
70.25008641493265	92.51122846960766
71.27189745122783	92.46553366412344
72.30857107128878	92.41920784823311
73.36032345637442	92.3722420994694
74.42737393217246	92.32462267823048
75.50994501453623	92.27632735404892
76.60826245588666	92.22732225083136
77.72255529228926	92.17756174111362
78.85305589121582	92.12699051331714
80.00000000000082	92.07554674727848
81.16362679500274	92.02316609249303
82.34417893148023	91.96978534253962
83.541902594194	91.91534429565931
84.75704754874454	91.8597868513679
85.98986719365665	91.80306361447244
87.24061861322157	91.74513466770209
88.50956263110764	91.68597052757018
89.79696386475084	91.62555172861623
91.10309078053635	91.56387016215658
92.42821574978288	91.50093114961662
93.77261510554118	91.4367527047869
95.13656920021877	91.37136448659109
96.52036246404286	91.30480790270815
97.92428346437356	91.23713581566776
99.34862496587989	91.16840896173002
100.79368399159105	91.0986920367937
102.25976188483567	91.02805179818948
103.74716437208203	90.95655691995131
105.25620162669229	90.88427977141619
106.78718833360406	90.8112989459597
108.34044375495276	90.7377031346392
109.9162917966485	90.66359371205537
111.51506107592134	90.58908519174418
113.13708498984903	90.51430641845229
114.78270178488147	90.43940065703964
116.45225462737648	90.36452148963048
118.14609167516147	90.28982566549628
119.86456615013608	90.21546481597575
121.60803641193078	90.14158000031252
123.3768660326369	90.06830213051396
125.17142387262359	89.99575343539847
126.99208415745765	89.92404878640035
128.83922655594208	89.8532948844198
130.71323625928977	89.78358682307515
132.61450406144883	89.71500256757537
134.5434264405962	89.64759568478698
136.50040564181674	89.58139123993654
138.48584976098482	89.51638536385217
140.50017282986593	89.45254474619885
142.5437949024563	89.38980472069102
144.61714214257822	89.32807265125908
146.7206469127495	89.26723909158358
148.8547478643456	89.20719027526286
151.01989002907314	89.14781874307725
153.216524911774	89.089033111445
155.4451105845792	89.03076418943698
157.70611178243232	88.97296691258138
160.00000000000236	88.91561989606032
162.3272535900062	88.85872503079813
164.6883578629612	88.8023074784915
167.08380518838874	88.74641852783834
169.51409509748981	88.69113885090529
171.97973438731407	88.63658176134118
174.4812372264439	88.58289406703253
177.01912526221608	88.53025424159352
179.5939277295025	88.4788694774482
182.20618156107355	88.42896991988894
184.85643149956664	88.38080226201815
187.54523021108326	88.3346249077727
190.27313840043846	88.29070183036066
193.04072492808663	88.24929353608698
195.84856692874806	88.21064870741336
198.69724993176072	88.17499773976974
201.58736798318304	88.14254482011924
204.5195237696723	88.11345806534284
207.49432874416505	88.08786680723384
210.5124032533856	88.06586838326692
213.57437666720915	88.04752938724383
216.68088750990657	88.032881472783
219.83258359329807	88.02192331552078
223.03012215184378	88.01462684231173
226.2741699796992	88.01093836238593
229.5654035697641	88.01077380322916
232.90450925475412	88.01402255519015
236.2921833503241	88.02055294065684
239.72913230027333	88.03021095302722
243.21607282386276	88.04282002450108
246.75373206527502	88.05818730847494
250.34284774524843	88.07610890857596
253.9841683149166	88.09637018635073
257.67845311188546	88.11874686589263
261.42647251858085	88.14301112162963
265.22900812289896	88.16893747033787
269.08685288119375	88.19630356699518
273.0008112836349	88.22489202957713
276.97169952197106	88.25449916309647
281.00034565973334	88.2849441889013
285.0875898049141	88.31607422616608
289.23428428515797	88.34776435863387
293.44129382550057	88.37990753375381
297.7094957286928	88.41240043662039
302.0397800581479	88.44512755936799
306.4330498235497	88.4779469630995
310.89022116916016	88.51069044475761
315.41222356486645	88.54317799944623
320.00000000000654	88.57523674384362
324.6545071800142	88.60671446615
329.3767157259242	88.63748144318254
334.16761037677935	88.66742688936363
339.02819019498156	88.6964566298322
343.95946877463007	88.7244930081921
348.9624744528898	88.75147444781881
354.03825052443415	88.77735377398486
359.187855459007	88.80210101978115
364.4123631221491	88.82570663003943
369.71286299913527	88.84818081794958
375.0904604221685	88.86955541850415
380.54627680087896	88.88988956997207
386.08144985617537	88.90927385522257
391.6971338574982	88.92782457362121
397.3944998635236	88.94567835562901
403.1747359663683	88.96299008532657
409.0390475393468	88.97993225014594
414.9886574883323	88.99668935036337
421.0248065067734	89.013446438887
427.1487533344206	89.03037740822768
433.3617750198154	89.04763594543016
439.6651671865984	89.06534853819818
446.06024430368984	89.08361509948855
452.54833995940066	89.10250898929174
459.13080713953053	89.12207281972691
465.8090185095106	89.14231935192717
472.58436670065066	89.16323988444042
479.45826460054917	89.18480942647136
486.432145647728	89.20699117508775
493.50746413055253	89.22973860522441
500.6856954904994	89.2529952790821
507.9683366298358	89.27669426089841
515.3569062237735	89.30075476088602
522.8529450371643	89.32508653288178
530.4580162458005	89.3495951788901
538.1737057623901	89.3741860684601
546.0016225672724	89.39876837313716
553.9433990439449	89.42326276091617
562.0006913194694	89.44761145339469
570.1751796098309	89.47179008991397
578.4685685703187	89.49580598037875
586.8825876510039	89.51968124264596
595.4189914573883	89.54343314628109
604.0795601162986	89.56705468397398
612.8660996471021	89.59049768966351
621.780442338323	89.61367034604233
630.8244471297356	89.63645711050094
640.0000000000159	89.65874478968821
649.3090143600314	89.68044125050604
658.7534314518515	89.70147241983972
668.3352207535618	89.72177743403513
678.0563803899662	89.74130874562059
687.9189375492632	89.7600352410182
697.9249489057827	89.77793820156197
708.0765010488715	89.79500008879113
718.3757109180171	89.8111985215762
728.8247262443015	89.82650994043657
739.425725998274	89.84091077518188
750.1809208443404	89.85438361130177
761.0925536017613	89.86692870502777
772.1628997123541	89.87857064670662
783.3942677149998	89.88936141945833
794.7889997270506	89.8993778846009
806.34947193274	89.9087242188058
818.0780950786972	89.91753866049177
829.9773149766683	89.92599029893773
842.0496130135506	89.93426405149127
854.2975066688449	89.94254536481345
866.7235500396347	89.95100992144428
879.3303343732008	89.95982932175623
892.1204886073838	89.96918599263817
905.0966799188055	89.97928647113618
918.2616142790653	89.99036891586933
931.6180370190256	90.00270404482521
945.1687334013056	90.01659222374296
958.9165292011028	90.03234474789171
972.8642912954606	90.05024933223942
987.0149282611097	90.07056834437658
1001.3713909810035	90.09355647510534
1015.9366732596762	90.11946014231317
1030.7138124475518	90.14851262695686
1045.7058900743334	90.18095343503407
1060.916032491606	90.21703641163937
1076.3474115247852	90.25699860629761
1092.0032451345498	90.30102162247299
1107.8867980878947	90.34925372260626
1124.0013826389438	90.40181577614072
1140.350359219667	90.45875188939475
1156.9371371406426	90.52000613491714
1173.765175302013	90.58548815153112
1190.837982914782	90.6551128566633
1208.1591202326028	90.72878703392631
1225.73219929421	90.80643408060837
1243.5608846766518	90.88800914652874
1261.648894259477	90.97344770295014
1280.0000000000375	91.06256765363973
1298.6180287200684	91.15507611173354
1317.5068629037087	91.25062443160377
1336.6704415071292	91.34882447942695
1356.112760779938	91.44925192667141
1375.8378750985323	91.55150290552874
1395.8498978115715	91.65529767397487
1416.153002097749	91.76056251185085
1436.7514218360407	91.86746502957767
1457.6494524886093	91.97641265827173
1478.8514519965543	92.08800760005816
1500.3618416886875	92.20293779928303
1522.1851072035295	92.3218141624635
1544.3257994247153	92.44501974243094
1566.788535430007	92.57279345516554
1589.5779994541087	92.70534243308876
1612.6989438654878	92.84284953658502
1636.156190157402	92.98535241537162
1659.9546299533442	93.132774524439
1684.099226027109	93.28502347655426
1708.5950133376978	93.44199725210996
1733.4471000792773	93.6034768898788
1758.6606687464096	93.76910198351239
1784.2409772147755	93.93846526236958
1810.193359837619	94.11114634386402
1836.5232285581387	94.28662970789428
1863.2360740380593	94.46423244245734
1890.3374668026197	94.64311078120897
1917.833058402214	94.82221568681184
1945.7285825909298	95.00025125295866
1974.0298565222283	95.17578052922983
2002.7427819620161	95.34751166872404
2031.8733465193618	95.51468704994315
2061.4276248951132	95.67733393792581
2091.411780148677	95.83597067153588
2121.832064983222	95.99123767478333
2152.694823049581	96.14367509461515
2184.0064902691106	96.29357947462125
2215.7735961758003	96.4409229571792
2248.002765277899	96.58532743447608
2280.7007184393456	96.726145744415
2313.874274281297	96.86253736350417
2347.530350604038	96.99356383939971
2381.6759658295764	97.11845760272597
2416.318240465218	97.23695318137172
2451.4643985884327	97.34928386144163
2487.1217693533167	97.45583175621567
2523.2977885189675	97.55701712093027
2560.0000000000887	97.65335880606746
2597.236057440151	97.74536788395532
2635.0137258074315	97.83329525422263
2673.340883014273	97.9169571469344
2712.225521559891	97.99602161308924
2751.6757501970797	98.07010470755971
2791.699795623158	98.13881512895924
2832.3060041955137	98.20205780706151
2873.502843672097	98.26049837573456
2915.2989049772345	98.31527944491555
2957.7029039931244	98.36742023738634
3000.723683377391	98.41743285664599
3044.370214407075	98.46518649961224
3088.6515988494466	98.5099058434451
3133.57707086003	98.55036908927123
3179.1559989082334	98.58539793890878
3225.3978877309914	98.61438943799557
3272.3123803148205	98.63729764981915
3319.9092599067053	98.65405832481197
3368.198452054235	98.66439635601304
3417.190026675413	98.66809331798463
3466.8942001585724	98.66506861613055
3517.3213374928373	98.6550165294553
3568.4819544295697	98.6374499514709
3620.386719675257	98.61230996650094
3673.0464571162966	98.58010519372276
3726.472148076138	98.54137058791031
3780.6749336052594	98.49643091360552
3835.6661168044484	98.44575998064983
3891.45716518188	98.38981085854279
3948.059713044477	98.32851100848505
4005.4855639240527	98.26127165489454
4063.746693038744	98.18761901379115
4122.855249790247	98.1075342782864
4182.823560297375	98.02102362782931
4243.664129966465	97.9277411725244
4305.389646099183	97.82750363393927
4368.012980538242	97.72093365242681
4431.5471923516225	97.60897930755264
4496.00553055582	97.49221976354113
4561.401436878714	97.37098135521073
4627.748548562617	97.24591495370967
4695.060701208099	97.1177202708308
4763.351931659176	96.98711177040313
4832.63648093046	96.85518638796968
4902.928797176889	96.72377527539736
4974.243538706657	96.5951084483322
5046.595577037959	96.47085354453488
5120.000000000202	96.3510136956558
5194.472114880326	96.23436231455396
5270.027451614888	96.11967271643128
5346.6817660285715	96.00642154277963
5424.451043119808	95.89499396886275
5503.351500394186	95.78659041591196
5583.399591246343	95.68287477526808
5664.612008391055	95.58469446888765
5747.005687344222	95.49073121443608
5830.597809954497	95.39756842646788
5915.405807986278	95.30065553965136
6001.447366754812	95.19564522516386
6088.740428814181	95.08070165365498
6177.303197698925	94.95888664229824
6267.154141720092	94.8354162606027
6358.3119978165005	94.71447227201365
6450.795775462017	94.5971038942259
6544.624760629676	94.48167200804653
6639.818519813445	94.36523177638752
6736.396904108505	94.24491581309866
6834.380053350861	94.1192567020801
6933.788400317181	93.98795617695498
7034.642674985712	93.8503423356994
7136.963908859177	93.70527478450066
7240.773439350552	93.5533275259934
7346.092914232631	93.39791590288631
7452.944296152315	93.24295638108053
7561.349867210557	93.09116158617039
7671.332233608935	92.94285397075048
7782.914330363799	92.79621121190988
7896.119426088994	92.64850253791167
8010.971127848146	92.496847104734
8127.49338607753	92.33964351099915
8245.710499580537	92.1775901914741
8365.647120594791	92.01116820543702
8487.328259932974	91.83939945900201
8610.77929219841	91.66116028677136
8736.025961076528	91.47709647622821
8863.094384703289	91.28800766727456
8992.011061111683	91.09293749846739
9122.802873757471	90.89053513305608
9255.497097125279	90.68060407474914
9390.121402416245	90.46247288946643
9526.7038633184	90.23290746179346
9665.272961860968	89.99051290387582
9805.857594353829	89.74021243538688
9948.487077413367	89.48840676929817
10093.19115407597	89.23914661300044
10240.000000000457	88.99278317049229
10388.944229760706	88.74606921324163
10540.05490322983	88.49330517215921
10693.363532057198	88.22907587406762
10848.902086239672	87.95340012156996
11006.703000788428	87.66903970719892
11166.799182492743	87.37550426698641
11329.224016782166	87.0705671430932
11494.0113746885	86.75783118728368
11661.195619909053	86.44614941801629
11830.811615972614	86.14439101897055
12002.894733509682	85.85541545825224
12177.48085762842	85.575014931778
12354.606395397908	85.29783643808337
12534.308283440243	85.02101132043022
12716.62399563306	84.74394565865181
12901.591550924093	84.468298332146
13089.249521259411	84.19909588605205
13279.637039626952	83.9433226069593
13472.793808217073	83.70292385851954
13668.760106701786	83.4714339418609
13867.576800634426	83.24586682841837
14069.285349971487	83.02930072149728
14273.927817718419	82.82401501166021
14481.54687870117	82.62636457370819
14692.18582846533	82.42970666623714
14905.888592304698	82.2225523974007
15122.699734421185	81.99035241680885
15342.664467217943	81.73647779447435
15565.828660727671	81.47330075371814
15792.238852178061	81.19538704839057
16021.942255696367	80.87509079064705
16254.986772155136	80.500120745598
16491.42099916115	80.09174430314165
16731.294241189662	79.6597417884058
16974.65651986603	79.1665195523428
17221.558584396902	78.57430395581538
17472.051922153143	77.91341605298595
17726.188769406665	77.21643843413518
17984.022122223458	76.42953001042092
18245.605747515034	75.47477576487819
18510.99419425065	74.42186523464393
18780.242804832582	73.30648659701643
19053.40772663689	72.03845964390231
19330.545923722028	70.55243665965698
19611.71518870775	69.00809670350091
19896.974154826825	67.81817060809499
20186.382308152035	67.31568468417049