20	-0.007151062271865855
20.290906698750476	-0.0067135956329864065
20.586044732869844	-0.006275903148099015
20.885475648548283	-0.005837322553213102
21.189261887185914	-0.005396960904407862
21.49746679841394	-0.00495392216082133
21.810154653305165	-0.004507117900200739
22.12739065777668	-0.004055498852403375
22.449240966187475	-0.0035982896538287942
22.77577269513385	-0.003134808881054524
23.107053937445478	-0.002664573065467763
23.44315377638505	-0.002187126410993683
23.784142300054445	-0.0017021558241865232
24.130090616010463	-0.0012093320712131244
24.481070866093134	-0.000708437341798724
24.837156241469714	-0.0001992190417076812
25.1984209978975	0.0003184690014070516
25.56494047120865	0.0008447992244433825
25.936791093020236	0.0013798146215091619
26.3140504066728	0.001923547251440512
26.69679708340074	0.002475847429324286
27.08511093873791	0.003036629280239893
27.47907294916184	0.0036061093152387896
27.878765268980047	0.004184613400169734
28.284271247461966	0.0047726596805162825
28.695675446220072	0.005370749589403062
29.11306365684382	0.005979434953079763
29.536522918790062	0.006599091213923179
29.966141537533712	0.007229966781094773
30.402009102982383	0.007871936499891596
30.844216508158908	0.008524675658096524
31.29285596815558	0.009187968819510036
31.74802103936409	0.009861866093640773
32.20980663898519	0.01054639746291361
32.67830906482211	0.011241711729722624
33.153626015361866	0.011948206151216244
33.63585661014871	0.012666210611833926
34.125101410453844	0.013396098929520388
34.62146244024586	0.014138389856303344
35.12504320746613	0.014893397956775863
35.635948725613716	0.015661313839632277
36.15428553564419	0.01644242089779637
36.68016172818701	0.01723715323878936
37.21368696608603	0.018045696789712375
37.754972507267915	0.018868023467493715
38.30413122794313	0.01970406229868201
38.86127764614443	0.020553859256255233
39.4265279456077	0.021417574674819737
40.000000000000206	0.022295015386701016
40.58181339750116	0.023185606371146736
41.1720894657399	0.024088501356079997
41.77095129709678	0.025002682202601094
42.37852377437204	0.0259270477323962
42.9949335968281	0.02686049281840456
43.62030930661056	0.02780197864885519
44.25478131555359	0.02875059509606699
44.89848193237519	0.029705616063799685
45.55154539026795	0.030666548580537068
46.21410787489121	0.03163301849538302
46.88630755277036	0.03260417700797909
47.56828460010916	0.03357873197666127
48.260181232021196	0.034555450420563384
48.962141732186545	0.03553286366479274
49.674312482939705	0.03650977148438504
50.39684199579528	0.03748542604394515
51.129880942417586	0.03845955664176416
51.873582186040764	0.03943239586434927
52.628100813345895	0.040404707437935894
53.393594166801776	0.04137781557540412
54.17022187747612	0.04235363507471633
54.95814589832399	0.04333470085917365
55.75753053796041	0.04432419502899289
56.56854249492426	0.045325968832144126
57.39135089244048	0.04634455623954415
58.226127313687975	0.047385004324593125
59.073045837580466	0.048452001493595465
59.932283075067765	0.04954880272799277
60.804018205965114	0.050676288992972426
61.68843301631817	0.051832854473997936
62.58571193631152	0.05301513310402772
63.49604207872855	0.054219054711761125
64.41961327797075	0.05544141586701232
65.35661812964459	0.056680732992183396
66.3072520307241	0.05793719226651612
67.27171322029778	0.05921240140416052
68.25020282090806	0.06050911947796492
69.2429248804921	0.06183114612381412
70.25008641493265	0.06318373482419277
71.27189745122783	0.06457342798449658
72.30857107128878	0.066007857970295
73.36032345637442	0.06749606389262403
74.42737393217246	0.06904838499692223
75.50994501453623	0.0706766705634968
76.60826245588666	0.07239403689900842
77.72255529228926	0.07421491772140472
78.85305589121582	0.07615442893226305
80.00000000000082	0.07822760574801889
81.16362679500274	0.08044907706230085
82.34417893148023	0.08283218047095914
83.541902594194	0.08538828580744742
84.75704754874454	0.08812551235324564
85.98986719365665	0.09104782593591335
87.24061861322157	0.09415410385646139
88.50956263110764	0.09743716529970264
89.79696386475084	0.10088338770693578
91.10309078053635	0.10447230413630255
92.42821574978288	0.10817577764939415
93.77261510554118	0.11195634812920242
95.13656920021877	0.11576669697985516
96.52036246404286	0.11955245720019278
97.92428346437356	0.12325828624571214
99.34862496587989	0.12683450320208822
100.79368399159105	0.13024238998842166
102.25976188483567	0.1334566342620161
103.74716437208203	0.13646601777577788
105.25620162669229	0.13927233929521735
106.78718833360406	0.14188914361745916
108.34044375495276	0.14434070653715783
109.9162917966485	0.14666149847826174
111.51506107592134	0.14889657061631123
113.13708498984903	0.15110141861863996
114.78270178488147	0.1533419683284035
116.45225462737648	0.15569507985060888
118.14609167516147	0.15824730029292047
119.86456615013608	0.1610921943106111
121.60803641193078	0.1643238512589542
123.3768660326369	0.16802708417883094
125.17142387262359	0.1722668674856434
126.99208415745765	0.1770799253405006
128.83922655594208	0.18247100565496704
130.71323625928977	0.18841417358043955
132.61450406144883	0.19485768441417406
134.5434264405962	0.20173019852337026
136.50040564181674	0.2089481998424833
138.48584976098482	0.21642557638361298
140.50017282986593	0.22408418788411966
142.5437949024563	0.2318622717814799
144.61714214257822	0.23971713141046255
146.7206469127495	0.24762402976809858
148.8547478643456	0.2555766314494479
151.01989002907314	0.26358417875901297
153.216524911774	0.27166562785749004
155.4451105845792	0.27984474718235125
157.70611178243232	0.2881485473406938
160.00000000000236	0.2966087858491684
162.3272535900062	0.30525992125896523
164.6883578629612	0.31413336809292364
167.08380518838874	0.32325096999461056
169.51409509748981	0.3326201182589531
171.97973438731407	0.34223370390083124
174.4812372264439	0.35207632222483765
177.01912526221608	0.3621336963893985
179.5939277295025	0.3724002067000711
182.20618156107355	0.3828808448392379
184.85643149956664	0.3935877634930244
187.54523021108326	0.40453529870038224
190.27313840043846	0.4157351027508682
193.04072492808663	0.42719414595057237
195.84856692874806	0.438916362267343
198.69724993176072	0.4509080546616292
201.58736798318304	0.4631860912743613
204.5195237696723	0.4757838611466496
207.49432874416505	0.4887508181097718
210.5124032533856	0.5021445619465996
213.57437666720915	0.516016985851842
216.68088750990657	0.5304025797443294
219.83258359329807	0.5453146611420515
223.03012215184378	0.5607508900667205
226.2741699796992	0.5766980384696558
229.5654035697641	0.5931340194853344
232.90450925475412	0.6100303649569887
236.2921833503241	0.6273539452640327
239.72913230027333	0.6450617209575318
243.21607282386276	0.6630968744749427
246.75373206527502	0.6813958970522087
250.34284774524843	0.6999023723349403
253.9841683149166	0.7185799680972808
257.67845311188546	0.7374238629126436
261.42647251858085	0.7564679163265412
265.22900812289896	0.7757864847503824
269.08685288119375	0.7954854677267303
273.0008112836349	0.8156885768142617
276.97169952197106	0.8365235626680693
281.00034565973334	0.8581070673797224
285.0875898049141	0.8805281922764865
289.23428428515797	0.9038369060547834
293.44129382550057	0.9280473186737597
297.7094957286928	0.9531516094542307
302.0397800581479	0.9791304566149157
306.4330498235497	1.0059546339948726
310.89022116916016	1.0335854968244864
315.41222356486645	1.0619787127562168
320.00000000000654	1.0910892549491085
324.6545071800142	1.1208666881884592
329.3767157259242	1.1512411315409359
334.16761037677935	1.18211638665893
339.02819019498156	1.2133835582992951
343.95946877463007	1.244946857385084
348.9624744528898	1.2767456735023173
354.03825052443415	1.3087621636201177
359.187855459007	1.3410201582214705
364.4123631221491	1.3735825792342011
369.71286299913527	1.406548430354479
375.0904604221685	1.4400393649723424
380.54627680087896	1.4741763839250035
386.08144985617537	1.5090631389286195
391.6971338574982	1.544783744818995
397.3944998635236	1.5814077038462877
403.1747359663683	1.618987958238014
409.0390475393468	1.6575558050047197
414.9886574883323	1.6971223955409944
421.0248065067734	1.7376854384904132
427.1487533344206	1.7792294105779793
433.3617750198154	1.8217273671816432
439.6651671865984	1.8651459691570322
446.06024430368984	1.9094501272682183
452.54833995940066	1.9546129568215083
459.13080713953053	2.0006233209834194
465.8090185095106	2.0474860827803836
472.58436670065066	2.0952181250358004
479.45826460054917	2.1438424116557826
486.432145647728	2.1933747270280453
493.50746413055253	2.2438079791879786
500.6856954904994	2.295106330787613
507.9683366298358	2.34720330835059
515.3569062237735	2.400004329049819
522.8529450371643	2.4533923664957173
530.4580162458005	2.50723547390232
538.1737057623901	2.5613814030822835
546.0016225672724	2.615649464541515
553.9433990439449	2.669835471113425
562.0006913194694	2.723732502839003
570.1751796098309	2.777159118429735
578.4685685703187	2.8299850245094493
586.8825876510039	2.8821465492173464
595.4189914573883	2.9336434406702407
604.0795601162986	2.9845198205406667
612.8660996471021	3.034836455523634
621.780442338323	3.084647576690704
630.8244471297356	3.1339937944355483
640.0000000000159	3.1829008238604852
649.3090143600314	3.2313913501095053
658.7534314518515	3.279485523514094
668.3352207535618	3.327185668255693
678.0563803899662	3.374459713561983
687.9189375492632	3.421229858042555
697.9249489057827	3.4673736855727118
708.0765010488715	3.5127267524121426
718.3757109180171	3.5570892193749555
728.8247262443015	3.6002409885769406
739.425725998274	3.6419703766101366
750.1809208443404	3.6821071442109634
761.0925536017613	3.720548410047993
772.1628997123541	3.7572602126684083
783.3942677149998	3.792257483722195
794.7889997270506	3.8255743198434313
806.34947193274	3.857246618883622
818.0780950786972	3.887319006399047
829.9773149766683	3.9158736179130265
842.0496130135506	3.9430608756129857
854.2975066688449	3.969122692908822
866.7235500396347	3.9943971275801493
879.3303343732008	4.0193171417735005
892.1204886073838	4.044401157349914
905.0966799188055	4.0702433183335565
918.2616142790653	4.097501237048827
931.6180370190256	4.126876072323511
945.1687334013056	4.15908668626983
958.9165292011028	4.194841275818155
972.8642912954606	4.234807809349598
987.0149282611097	4.279580658984335
1001.3713909810035	4.329654257906036
1015.9366732596762	4.385409664037727
1030.7138124475518	4.447112702325238
1045.7058900743334	4.514921300779959
1060.916032491606	4.588879909252797
1076.3474115247852	4.668917402795338
1092.0032451345498	4.7548479520410085
1107.8867980878947	4.846383768949925
1124.0013826389438	4.943160598122303
1140.350359219667	5.044760163926225
1156.9371371406426	5.1507326583575095
1173.765175302013	5.260631467503646
1190.837982914782	5.374048666322531
1208.1591202326028	5.490650328216175
1225.73219929421	5.61020092867037
1243.5608846766518	5.732564294801375
1261.648894259477	5.857711479357163
1280.0000000000375	5.985728790198079
1298.6180287200684	6.116801046044456
1317.5068629037087	6.251173433037461
1336.6704415071292	6.389090233086874
1356.112760779938	6.530714589511508
1375.8378750985323	6.676065195319592
1395.8498978115715	6.824978371991164
1416.153002097749	6.977097102574353
1436.7514218360407	7.131888811736733
1457.6494524886093	7.288686715354761
1478.8514519965543	7.44676085673197
1500.3618416886875	7.605420566801207
1522.1851072035295	7.764142975236457
1544.3257994247153	7.922653846241572
1566.788535430007	8.080923930449957
1589.5779994541087	8.239112948691622
1612.6989438654878	8.397494396498868
1636.156190157402	8.556387588338586
1659.9546299533442	8.716076200227846
1684.099226027109	8.8767518628166
1708.5950133376978	9.038485999711138
1733.4471000792773	9.201211389773821
1758.6606687464096	9.36473294664321
1784.2409772147755	9.528781946645937
1810.193359837619	9.693074455579422
1836.5232285581387	9.857393781105744
1863.2360740380593	10.021645155232841
1890.3374668026197	10.185859439346114
1917.833058402214	10.350187035347119
1945.7285825909298	10.514885818569939
1974.0298565222283	10.680278590255382
2002.7427819620161	10.846700515012648
2031.8733465193618	11.014468823895028
2061.4276248951132	11.183836505115323
2091.411780148677	11.354964593891356
2121.832064983222	11.527924258541468
2152.694823049581	11.702674216453245
2184.0064902691106	11.879074864877147
2215.7735961758003	12.056875466025712
2248.002765277899	12.235733784070757
2280.7007184393456	12.415257701236222
2313.874274281297	12.595022107876721
2347.530350604038	12.774587135490396
2381.6759658295764	12.953522413519398
2416.318240465218	13.131451291292901
2451.4643985884327	13.308022532368339
2487.1217693533167	13.482853368999288
2523.2977885189675	13.65544287225283
2560.0000000000887	13.825057132734635
2597.236057440151	13.990575601371646
2635.0137258074315	14.15033255270688
2673.340883014273	14.302015183750513
2712.225521559891	14.442655872875411
2751.6757501970797	14.56872522587179
2791.699795623158	14.676409899325376
2832.3060041955137	14.76205201751173
2873.502843672097	14.822600715270635
2915.2989049772345	14.856021789947876
2957.7029039931244	14.861621413572873
3000.723683377391	14.84011987126005
3044.370214407075	14.793431244754649
3088.6515988494466	14.724288376386413
3133.57707086003	14.635879626601454
3179.1559989082334	14.531469516362364
3225.3978877309914	14.414095615674613
3272.3123803148205	14.286403644570491
3319.9092599067053	14.150569012243023
3368.198452054235	14.00826833515216
3417.190026675413	13.86072066971806
3466.8942001585724	13.708718410378461
3517.3213374928373	13.552676349276979
3568.4819544295697	13.392721072787648
3620.386719675257	13.228776092980747
3673.0464571162966	13.060590133439801
3726.472148076138	12.887808038201962
3780.6749336052594	12.71001678259624
3835.6661168044484	12.526827892705091
3891.45716518188	12.338007517663739
3948.059713044477	12.143726144980947
4005.4855639240527	11.944830295379141
4063.746693038744	11.743130596857267
4122.855249790247	11.541581666890782
4182.823560297375	11.34436694333361
4243.664129966465	11.156685037234308
4305.389646099183	10.984089923428416
4368.012980538242	10.831517831750448
4431.5471923516225	10.702183422348973
4496.00553055582	10.596821016833832
4561.401436878714	10.513542429863604
4627.748548562617	10.448443581071759
4695.060701208099	10.39659058341127
4763.351931659176	10.352936114263978
4832.63648093046	10.312988752382926
4902.928797176889	10.27303677919426
4974.243538706657	10.230183756553535
5046.595577037959	10.182322810401542
5120.000000000202	10.127951482634208
5194.472114880326	10.065918116135396
5270.027451614888	9.995104446345946
5346.6817660285715	9.91408464763418
5424.451043119808	9.820481923200138
5503.351500394186	9.710508344982614
5583.399591246343	9.57916272946065
5664.612008391055	9.421657075856162
5747.005687344222	9.236468423449262
5830.597809954497	9.028779489585954
5915.405807986278	8.81242590755861
6001.447366754812	8.606742957150791
6088.740428814181	8.429395213743689
6177.303197698925	8.290647577935301
6267.154141720092	8.19291348603886
6358.3119978165005	8.134519209917283
6450.795775462017	8.114299724601429
6544.624760629676	8.133328338310163
6639.818519813445	8.192512069887378
6736.396904108505	8.287769152926508
6834.380053350861	8.405861971531223
6933.788400317181	8.52427368989398
7034.642674985712	8.6151767422549
7136.963908859177	8.651728196957341
7240.773439350552	8.613864147609114
7346.092914232631	8.493044924057155
7452.944296152315	8.296909581543982
7561.349867210557	8.053668942799135
7671.332233608935	7.8128420469232
7782.914330363799	7.640958630025682
7896.119426088994	7.610342791141139
8010.971127848146	7.781476606023679
8127.49338607753	8.184437802363963
8245.710499580537	8.80880083504761
8365.647120594791	9.60582774603073
8487.328259932974	10.495301874502452
8610.77929219841	11.371703586009707
8736.025961076528	12.112943525201867
8863.094384703289	12.597386291182866
8992.011061111683	12.729091449978952
9122.802873757471	12.463376400875383
9255.497097125279	11.821072898792208
9390.121402416245	10.882049779820553
9526.7038633184	9.76163821679625
9665.272961860968	8.582246472708869
9805.857594353829	7.451510578245998
9948.487077413367	6.4518249464561865
10093.19115407597	5.6391234392347025
10240.000000000457	5.045844341068936
10388.944229760706	4.684513795560211
10540.05490322983	4.549073209138785
10693.363532057198	4.60985322650597
10848.902086239672	4.808943215946638
11006.703000788428	5.066325269897758
11166.799182492743	5.29779329497946
11329.224016782166	5.434639954127933
11494.0113746885	5.433697649805828
11661.195619909053	5.277290266596195
11830.811615972614	4.9709102268485745
12002.894733509682	4.547011695031284
12177.48085762842	4.068160449745941
12354.606395397908	3.616621900783366
12534.308283440243	3.2651207448289163
12716.62399563306	3.0405287655865836
12901.591550924093	2.90762700695179
13089.249521259411	2.792710355015289
13279.637039626952	2.6369146945714297
13472.793808217073	2.4436923010010205
13668.760106701786	2.2910415404053066
13867.576800634426	2.2956926962408906
14069.285349971487	2.5462904772474064
14273.927817718419	3.0482652565537767
14481.54687870117	3.7223193494234326
14692.18582846533	4.450676387190116
14905.888592304698	5.125790316667727
15122.699734421185	5.674914400989481
15342.664467217943	6.06151325133274
15565.828660727671	6.269489250479457
15792.238852178061	6.287233044507199
16021.942255696367	6.1069704321813765
16254.986772155136	5.737789919787746
16491.42099916115	5.220944978805075
16731.294241189662	4.630163990234796
16974.65651986603	4.0482739219989945
17221.558584396902	3.5258554054947577
17472.051922153143	3.0461683059449984
17726.188769406665	2.5268445573925473
17984.022122223458	1.8595419240602986
18245.605747515034	0.9759885160501952
18510.99419425065	-0.053512056345311663
18780.242804832582	-0.9653061634786348
19053.40772663689	-1.5446569356474977
19330.545923722028	-1.8676053527074907
19611.71518870775	-2.049612866699168
19896.974154826825	-2.1302550843994594
20186.382308152035	-2.148928837765096