20	0.00008963699491697092
20.290906698750476	-0.00011973968811477062
20.586044732869844	-0.00032917465603241026
20.885475648548283	-0.0005386135210252635
21.189261887185914	-0.0007478659552013144
21.49746679841394	-0.0009569882833414053
21.810154653305165	-0.0011662478641599372
22.12739065777668	-0.0013759480276905648
22.449240966187475	-0.0015862527621433628
22.77577269513385	-0.0017971506307635939
23.107053937445478	-0.0020088373377799085
23.44315377638505	-0.002221678638852773
23.784142300054445	-0.0024360326624289414
24.130090616010463	-0.0026520709900018226
24.481070866093134	-0.0028697384874805396
24.837156241469714	-0.003089132467634815
25.1984209978975	-0.003310459711946363
25.56494047120865	-0.003533851460917852
25.936791093020236	-0.0037593173057400724
26.3140504066728	-0.003987119920259755
26.69679708340074	-0.0042177253834502606
27.08511093873791	-0.004451610207363121
27.47907294916184	-0.004689065424493545
27.878765268980047	-0.004930139302835393
28.284271247461966	-0.005175002636340885
28.695675446220072	-0.005423885183878894
29.11306365684382	-0.005676866374331492
29.536522918790062	-0.005933804856894927
29.966141537533712	-0.006194693140572173
30.402009102982383	-0.0064595799436424845
30.844216508158908	-0.0067283454622028786
31.29285596815558	-0.007000616504767805
31.74802103936409	-0.007276110400218227
32.20980663898519	-0.007554543289680498
32.67830906482211	-0.007835535864910386
33.153626015361866	-0.008118951664653075
33.63585661014871	-0.008404797416547309
34.125101410453844	-0.008692975024890828
34.62146244024586	-0.008983176969695259
35.12504320746613	-0.009275219286872343
35.635948725613716	-0.009568932360067648
36.15428553564419	-0.009864050301161203
36.68016172818701	-0.010160542240152214
37.21368696608603	-0.010458498057022772
37.754972507267915	-0.010757863519613355
38.30413122794313	-0.01105832248735325
38.86127764614443	-0.011359626805793697
39.4265279456077	-0.011661475190902304
40.000000000000206	-0.011963391553751965
40.58181339750116	-0.012265056360847184
41.1720894657399	-0.012566183208158015
41.77095129709678	-0.012866395832830953
42.37852377437204	-0.01316556410041167
42.9949335968281	-0.01346368105930941
43.62030930661056	-0.013760586060802549
44.25478131555359	-0.014055842438230394
44.89848193237519	-0.014349082027990151
45.55154539026795	-0.01463988418921752
46.21410787489121	-0.014927657027880886
46.88630755277036	-0.015211992514777933
47.56828460010916	-0.015492551539685533
48.260181232021196	-0.01576879275667114
48.962141732186545	-0.016039863238839477
49.674312482939705	-0.0163049734184627
50.39684199579528	-0.01656329568640913
51.129880942417586	-0.016813869364204037
51.873582186040764	-0.01705599938363191
52.628100813345895	-0.01728917449981457
53.393594166801776	-0.017512829264420902
54.17022187747612	-0.017726278710302634
54.95814589832399	-0.01792915969831422
55.75753053796041	-0.018121384911132417
56.56854249492426	-0.018302939865903114
57.39135089244048	-0.018473688542549493
58.226127313687975	-0.01863335852676202
59.073045837580466	-0.018782048364193504
59.932283075067765	-0.01892023590119855
60.804018205965114	-0.01904862632467886
61.68843301631817	-0.01916800937133017
62.58571193631152	-0.019279125132340053
63.49604207872855	-0.01938253777863349
64.41961327797075	-0.019478516569899143
65.35661812964459	-0.01956710261407542
66.3072520307241	-0.019648720162340275
67.27171322029778	-0.0197242621803147
68.25020282090806	-0.019795004426114402
69.2429248804921	-0.019862341516820092
70.25008641493265	-0.019926975512122608
71.27189745122783	-0.01998865311820896
72.30857107128878	-0.02004608732711562
73.36032345637442	-0.020096881495168528
74.42737393217246	-0.02013745737472739
75.50994501453623	-0.020162989919591603
76.60826245588666	-0.020167160753096488
77.72255529228926	-0.02014135006059993
78.85305589121582	-0.020074424849983723
80.00000000000082	-0.019952556985166528
81.16362679500274	-0.019758499440559414
82.34417893148023	-0.01947131378183929
83.541902594194	-0.019065781936420126
84.75704754874454	-0.01851232406157688
85.98986719365665	-0.017776451078054756
87.24061861322157	-0.0168181884877332
88.50956263110764	-0.015591924528135181
89.79696386475084	-0.014047153234697018
91.10309078053635	-0.012128938099825404
92.42821574978288	-0.009778365355184448
93.77261510554118	-0.006932846158763439
95.13656920021877	-0.0035276221219686654
96.52036246404286	0.0005018502382255208
97.92428346437356	0.005216965113245209
99.34862496587989	0.01067281965740452
100.79368399159105	0.016913664168550446
102.25976188483567	0.023968631642466987
103.74716437208203	0.03184971154256022
105.25620162669229	0.04055152956160435
106.78718833360406	0.05005227631304676
108.34044375495276	0.060314442992842165
109.9162917966485	0.07128631959171206
111.51506107592134	0.08290338995498503
113.13708498984903	0.09509064117350935
114.78270178488147	0.10776470741261795
116.45225462737648	0.12083619486067232
118.14609167516147	0.13421182738463658
119.86456615013608	0.14779727800458387
121.60803641193078	0.1615008388961232
123.3768660326369	0.17523734601425583
125.17142387262359	0.18893275344357305
126.99208415745765	0.20252797513190207
128.83922655594208	0.215981565729455
130.71323625928977	0.22926818280137928
132.61450406144883	0.2423754122791395
134.5434264405962	0.2553015911314722
136.50040564181674	0.2680538664675264
138.48584976098482	0.28064569799582006
140.50017282986593	0.2930954153701506
142.5437949024563	0.3054250046805102
144.61714214257822	0.3176582728422274
146.7206469127495	0.32982002431996527
148.8547478643456	0.3419353788238652
151.01989002907314	0.3540283378320093
153.216524911774	0.3661212769949478
155.4451105845792	0.37823475837461
157.70611178243232	0.3903870390157881
160.00000000000236	0.4025926350799647
162.3272535900062	0.41486169884264645
164.6883578629612	0.42719989901583033
167.08380518838874	0.4396091089737303
169.51409509748981	0.4520873543588185
171.97973438731407	0.46462958072618227
174.4812372264439	0.4772286240146416
177.01912526221608	0.4898757513968718
179.5939277295025	0.5025601228223313
182.20618156107355	0.5152691445975235
184.85643149956664	0.5279890887960847
187.54523021108326	0.5407060212055483
190.27313840043846	0.553407755621177
193.04072492808663	0.5660848130361351
195.84856692874806	0.5787310870323686
198.69724993176072	0.591344576458945
201.58736798318304	0.6039282006806689
204.5195237696723	0.6164907043246163
207.49432874416505	0.6290472739874707
210.5124032533856	0.6416187197121682
213.57437666720915	0.6542302732392824
216.68088750990657	0.6669103197595819
219.83258359329807	0.6796893954797109
223.03012215184378	0.692600170248868
226.2741699796992	0.7056763969333629
229.5654035697641	0.718952728032106
232.90450925475412	0.7324645246033541
236.2921833503241	0.7462471634380143
239.72913230027333	0.7603347343959954
243.21607282386276	0.7747584443854127
246.75373206527502	0.7895459128224104
250.34284774524843	0.8047200016010511
253.9841683149166	0.820297100469499
257.67845311188546	0.8362865735917393
261.42647251858085	0.8526913583493089
265.22900812289896	0.8695083661438546
269.08685288119375	0.8867295994156494
273.0008112836349	0.90434307918912
276.97169952197106	0.9223345533927362
281.00034565973334	0.9406885913387003
285.0875898049141	0.9593885950783203
289.23428428515797	0.9784162333086757
293.44129382550057	0.9977523453084817
297.7094957286928	1.0173788994687907
302.0397800581479	1.0372790057956158
306.4330498235497	1.0574381330934892
310.89022116916016	1.0778466062241978
315.41222356486645	1.0985007952915853
320.00000000000654	1.1194068139909046
324.6545071800142	1.1405817969327612
329.3767157259242	1.1620521004753677
334.16761037677935	1.1838522485152927
339.02819019498156	1.2060239737319483
343.95946877463007	1.2286164207959278
348.9624744528898	1.2516856012901438
354.03825052443415	1.2752929052091235
359.187855459007	1.2995042678127042
364.4123631221491	1.3243885335044308
369.71286299913527	1.3500166535010671
375.0904604221685	1.376461470063949
380.54627680087896	1.403795201138446
386.08144985617537	1.432084927470307
391.6971338574982	1.4613897510803433
397.3944998635236	1.4917559722729343
403.1747359663683	1.5232120822795554
409.0390475393468	1.5557661954616036
414.9886574883323	1.5894052074642977
421.0248065067734	1.6240993889553834
427.1487533344206	1.6598082328760013
433.3617750198154	1.6964854806006062
439.6651671865984	1.7340811689746083
446.06024430368984	1.7725431267656808
452.54833995940066	1.8118189138660779
459.13080713953053	1.8518576529385287
465.8090185095106	1.892609550957097
472.58436670065066	1.9340257718547236
479.45826460054917	1.9760589036561376
486.432145647728	2.018661725160782
493.50746413055253	2.06178619465358
500.6856954904994	2.1053811385946286
507.9683366298358	2.1493906572093504
515.3569062237735	2.1937517223505107
522.8529450371643	2.2383931243984647
530.4580162458005	2.283233316301009
538.1737057623901	2.328177551513081
546.0016225672724	2.3731177200615137
553.9433990439449	2.417932559208709
562.0006913194694	2.4624879166853595
570.1751796098309	2.5066367681804267
578.4685685703187	2.5502177454777035
586.8825876510039	2.593058430128871
595.4189914573883	2.634979215575324
604.0795601162986	2.675801197450686
612.8660996471021	2.7153594839618167
621.780442338323	2.753518805763618
630.8244471297356	2.7901915300710023
640.0000000000159	2.8253591493014607
649.3090143600314	2.8590880621446484
658.7534314518515	2.8915109563937866
668.3352207535618	2.9228058391619527
678.0563803899662	2.953177851578988
687.9189375492632	2.9828440453093394
697.9249489057827	3.012027672511359
708.0765010488715	3.040953903224807
718.3757109180171	3.0698480323704085
728.8247262443015	3.098935798267154
739.425725998274	3.1284439784594964
750.1809208443404	3.1585992821170374
761.0925536017613	3.189624927424708
772.1628997123541	3.2217372587309097
783.3942677149998	3.2551387934296416
794.7889997270506	3.290013363686341
806.34947193274	3.3265133788904038
818.0780950786972	3.364745379469659
829.9773149766683	3.404772448538216
842.0496130135506	3.4466298193760827
854.2975066688449	3.490343248446444
866.7235500396347	3.5359409838039646
879.3303343732008	3.5834586981653276
892.1204886073838	3.632944068752119
905.0966799188055	3.684462425622644
918.2616142790653	3.7381009850800857
931.6180370190256	3.79396490615647
945.1687334013056	3.852171763031655
958.9165292011028	3.912849096840941
972.8642912954606	3.9761233160042253
987.0149282611097	4.042108551722078
1001.3713909810035	4.110891610422787
1015.9366732596762	4.182518043354749
1030.7138124475518	4.256985150304231
1045.7058900743334	4.334255605742516
1060.916032491606	4.41427625050726
1076.3474115247852	4.496988421725705
1092.0032451345498	4.582330131380491
1107.8867980878947	4.670237972012397
1124.0013826389438	4.760644525734703
1140.350359219667	4.853477274582323
1156.9371371406426	4.948652068956997
1173.765175302013	5.04606212813862
1190.837982914782	5.14557498947191
1208.1591202326028	5.247039665949916
1225.73219929421	5.3502982505787795
1243.5608846766518	5.455210933903936
1261.648894259477	5.561692005414267
1280.0000000000375	5.669753489508212
1298.6180287200684	5.77950406634517
1317.5068629037087	5.8911202002908
1336.6704415071292	6.004825346247348
1356.112760779938	6.120863938589822
1375.8378750985323	6.239486346619413
1395.8498978115715	6.360947366860927
1416.153002097749	6.485513714715742
1436.7514218360407	6.613475385637671
1457.6494524886093	6.745154969222405
1478.8514519965543	6.880911918628419
1500.3618416886875	7.021149659972701
1522.1851072035295	7.1663166776073615
1544.3257994247153	7.31688285690164
1566.788535430007	7.473307988520619
1589.5779994541087	7.6359937920175005
1612.6989438654878	7.805197488532531
1636.156190157402	7.980949295315367
1659.9546299533442	8.163065548663642
1684.099226027109	8.35124311784376
1708.5950133376978	8.54514280041673
1733.4471000792773	8.744450082408797
1758.6606687464096	8.94893176796026
1784.2409772147755	9.158466101845303
1810.193359837619	9.37306835752054
1836.5232285581387	9.592931533366833
1863.2360740380593	9.818454288318991
1890.3374668026197	10.050271375872232
1917.833058402214	10.289242478238256
1945.7285825909298	10.536385689677157
1974.0298565222283	10.792725985845111
2002.7427819620161	11.059014516100186
2031.8733465193618	11.33528462208283
2061.4276248951132	11.620485680981526
2091.411780148677	11.912860924728736
2121.832064983222	12.210353547916823
2152.694823049581	12.510848526397515
2184.0064902691106	12.812281922916732
2215.7735961758003	13.112634572084147
2248.002765277899	13.409866313189438
2280.7007184393456	13.701803305966873
2313.874274281297	13.985994599523504
2347.530350604038	14.25960394501662
2381.6759658295764	14.519355285700652
2416.318240465218	14.761598460706738
2451.4643985884327	14.982554851902217
2487.1217693533167	15.17887388225413
2523.2977885189675	15.348609360123145
2560.0000000000887	15.492209789914893
2597.236057440151	15.612041107687064
2635.0137258074315	15.711118164204901
2673.340883014273	15.792214682983879
2712.225521559891	15.857449508522818
2751.6757501970797	15.908208564500256
2791.699795623158	15.94519692554269
2832.3060041955137	15.96860426559237
2873.502843672097	15.9782566751235
2915.2989049772345	15.973774948092254
2957.7029039931244	15.954674834926767
3000.723683377391	15.920420613033848
3044.370214407075	15.870505261110454
3088.6515988494466	15.80456074921138
3133.57707086003	15.72252799209108
3179.1559989082334	15.624905408610791
3225.3978877309914	15.512918583512036
3272.3123803148205	15.388226423575095
3319.9092599067053	15.252456351149378
3368.198452054235	15.106959026588212
3417.190026675413	14.952757257907022
3466.8942001585724	14.790587554498286
3517.3213374928373	14.621004576858843
3568.4819544295697	14.444490750933651
3620.386719675257	14.26154604201748
3673.0464571162966	14.072830950948209
3726.472148076138	13.879286441235468
3780.6749336052594	13.682248124108424
3835.6661168044484	13.483598160509633
3891.45716518188	13.285807709866623
3948.059713044477	13.091830858719689
4005.4855639240527	12.904532525310868
4063.746693038744	12.725497246650216
4122.855249790247	12.554029743290013
4182.823560297375	12.388352567927766
4243.664129966465	12.226720885759644
4305.389646099183	12.067897466547077
4368.012980538242	11.911269774803367
4431.5471923516225	11.756719619609825
4496.00553055582	11.604440768430383
4561.401436878714	11.454837422511924
4627.748548562617	11.308420784731576
4695.060701208099	11.1657560563905
4763.351931659176	11.027493096720507
4832.63648093046	10.894347596533095
4902.928797176889	10.767098023508815
4974.243538706657	10.64641936075799
5046.595577037959	10.532523662543749
5120.000000000202	10.424859175032596
5194.472114880326	10.322533795442778
5270.027451614888	10.224830160561647
5346.6817660285715	10.131351225372933
5424.451043119808	10.041973049420623
5503.351500394186	9.956727808918926
5583.399591246343	9.875691258774825
5664.612008391055	9.79900230865999
5747.005687344222	9.726867775046344
5830.597809954497	9.659514393320242
5915.405807986278	9.597268020370631
6001.447366754812	9.540844387552706
6088.740428814181	9.491553557565465
6177.303197698925	9.45159222353998
6267.154141720092	9.423765699397695
6358.3119978165005	9.409976894753655
6450.795775462017	9.408909578101992
6544.624760629676	9.416975987153307
6639.818519813445	9.430631954641443
6736.396904108505	9.447318914274284
6834.380053350861	9.465399566058244
6933.788400317181	9.48388428799847
7034.642674985712	9.502071067448268
7136.963908859177	9.519327315923611
7240.773439350552	9.534982894079347
7346.092914232631	9.548264269283456
7452.944296152315	9.558357028697191
7561.349867210557	9.56416599054294
7671.332233608935	9.563429504293161
7782.914330363799	9.551684024200862
7896.119426088994	9.521394245854896
8010.971127848146	9.463267060068356
8127.49338607753	9.372309665112457
8245.710499580537	9.254665821478538
8365.647120594791	9.119180273440044
8487.328259932974	8.971955865558888
8610.77929219841	8.815955047263172
8736.025961076528	8.652164932609713
8863.094384703289	8.480788679527933
8992.011061111683	8.301868354806064
9122.802873757471	8.11554645146078
9255.497097125279	7.922116352881222
9390.121402416245	7.722108196121028
9526.7038633184	7.5161722218430365
9665.272961860968	7.305699796090731
9805.857594353829	7.093594814191894
9948.487077413367	6.884447971954621
10093.19115407597	6.682419332714626
10240.000000000457	6.487096029966389
10388.944229760706	6.2949650323994
10540.05490322983	6.1029201320685225
10693.363532057198	5.909622148274602
10848.902086239672	5.7149356686934585
11006.703000788428	5.519213726143475
11166.799182492743	5.32288698257323
11329.224016782166	5.126251633699192
11494.0113746885	4.929600402258344
11661.195619909053	4.733122605505766
11830.811615972614	4.537278033246957
12002.894733509682	4.342437118950843
12177.48085762842	4.148574043602823
12354.606395397908	3.9550271246901714
12534.308283440243	3.760442701822841
12716.62399563306	3.563713893082092
12901.591550924093	3.365484896566355
13089.249521259411	3.1669987397115182
13279.637039626952	2.969019761933041
13472.793808217073	2.772168465134513
13668.760106701786	2.5769872869754065
13867.576800634426	2.383801439881807
14069.285349971487	2.1929667995691293
14273.927817718419	2.00512730881324
14481.54687870117	1.8209950578255183
14692.18582846533	1.641108857171425
14905.888592304698	1.4659254255984024
15122.699734421185	1.2957622181845114
15342.664467217943	1.131115675796697
15565.828660727671	0.9732998587278222
15792.238852178061	0.826492980548894
16021.942255696367	0.7003787368655555
16254.986772155136	0.6022635892810291
16491.42099916115	0.52237288166002
16731.294241189662	0.4512399836401048
16974.65651986603	0.38614909821746446
17221.558584396902	0.32730772287622484
17472.051922153143	0.27482179533498846
17726.188769406665	0.22810845123673554
17984.022122223458	0.1867673218686701
18245.605747515034	0.1503855034236128
18510.99419425065	0.11882469008579472
18780.242804832582	0.09118789979159563
19053.40772663689	0.06667122121754643
19330.545923722028	0.04429720695784164
19611.71518870775	0.02447437170567672
19896.974154826825	0.010445239062982715
20186.382308152035	0.004818475662040067