20	98.27705079691243
20.290906698750476	98.28407470285998
20.586044732869844	98.29108217885032
20.885475648548283	98.29804651394538
21.189261887185914	98.30493133699396
21.49746679841394	98.31169392787889
21.810154653305165	98.31828818025403
22.12739065777668	98.324667035244
22.449240966187475	98.33078484789925
22.77577269513385	98.33659958935378
23.107053937445478	98.34207456947853
23.44315377638505	98.34717894958996
23.784142300054445	98.35188819191679
24.130090616010463	98.35618453889116
24.481070866093134	98.3600564184117
24.837156241469714	98.3634969374544
25.1984209978975	98.36650287225739
25.56494047120865	98.36907345729347
25.936791093020236	98.37120876339503
26.3140504066728	98.37290794443746
26.69679708340074	98.37416763909926
27.08511093873791	98.37498102075342
27.47907294916184	98.3753365085826
27.878765268980047	98.37521664634646
28.284271247461966	98.37459736496409
28.695675446220072	98.3734475094802
29.11306365684382	98.37172828930305
29.536522918790062	98.3693933261111
29.966141537533712	98.36638919251419
30.402009102982383	98.36265619786393
30.844216508158908	98.35812938934019
31.29285596815558	98.3527389627405
31.74802103936409	98.34641078939063
32.20980663898519	98.33906740559246
32.67830906482211	98.33062880438843
33.153626015361866	98.32101331871975
33.63585661014871	98.3101391800255
34.125101410453844	98.29792630679279
34.62146244024586	98.28429774004364
35.12504320746613	98.2691800681081
35.635948725613716	98.25250385335991
36.15428553564419	98.23420493693438
36.68016172818701	98.21422453409134
37.21368696608603	98.19250766157002
37.754972507267915	98.16900157486998
38.30413122794313	98.14365530508753
38.86127764614443	98.11641959885038
39.4265279456077	98.08724701507734
40.000000000000206	98.05609313520218
40.58181339750116	98.02291916322089
41.1720894657399	97.98769436515327
41.77095129709678	97.95039663362142
42.37852377437204	97.91101272680743
42.9949335968281	97.8695401189556
43.62030930661056	97.82598909006272
44.25478131555359	97.78038273410378
44.89848193237519	97.73275635399091
45.55154539026795	97.68315760453277
46.21410787489121	97.6316469622833
46.88630755277036	97.57829635234346
47.56828460010916	97.52318713452709
48.260181232021196	97.46640855179302
48.962141732186545	97.40805488597786
49.674312482939705	97.34822074438354
50.39684199579528	97.28699590107554
51.129880942417586	97.22446129124712
51.873582186040764	97.16068690137969
52.628100813345895	97.09573198772233
53.393594166801776	97.02964651773479
54.17022187747612	96.96247230211057
54.95814589832399	96.89424243362521
55.75753053796041	96.82497873093246
56.56854249492426	96.75468845994531
57.39135089244048	96.68336276628156
58.226127313687975	96.61098286322309
59.073045837580466	96.5375306490073
59.932283075067765	96.46300077642336
60.804018205965114	96.38741205822883
61.68843301631817	96.31081262503116
62.58571193631152	96.23327375044312
63.49604207872855	96.15487626691753
64.41961327797075	96.07569776563756
65.35661812964459	95.99580742288302
66.3072520307241	95.91526776112366
67.27171322029778	95.83413852492026
68.25020282090806	95.75248022308577
69.2429248804921	95.67035598750914
70.25008641493265	95.58783174355825
71.27189745122783	95.50497486779074
72.30857107128878	95.42185178610437
73.36032345637442	95.338523853157
74.42737393217246	95.25504121644086
75.50994501453623	95.17143474780968
76.60826245588666	95.0877085494347
77.72255529228926	95.00383993567637
78.85305589121582	94.91978553620748
80.00000000000082	94.8354888065547
81.16362679500274	94.75088658356827
82.34417893148023	94.66591473816486
83.541902594194	94.58051308057901
84.75704754874454	94.4946294783208
85.98986719365665	94.40822294193443
87.24061861322157	94.32126591794673
88.50956263110764	94.23374571526247
89.79696386475084	94.14566560148701
91.10309078053635	94.05704494489287
92.42821574978288	93.9679183832937
93.77261510554118	93.87833449348953
95.13656920021877	93.78835316127027
96.52036246404286	93.69804231642946
97.92428346437356	93.60747338794776
99.34862496587989	93.51671525641763
100.79368399159105	93.42582689654235
102.25976188483567	93.33485040683907
103.74716437208203	93.24381210600261
105.25620162669229	93.15272985509912
106.78718833360406	93.06162068315005
108.34044375495276	92.97050756982489
109.9162917966485	92.87942451846838
111.51506107592134	92.78841972987176
113.13708498984903	92.69755700314218
114.78270178488147	92.60691478357491
116.45225462737648	92.51658353434036
118.14609167516147	92.42666029888439
119.86456615013608	92.33724100047903
121.60803641193078	92.24841488571482
123.3768660326369	92.1602674803629
125.17142387262359	92.0728851861457
126.99208415745765	91.9863576438893
128.83922655594208	91.90077677320465
130.71323625928977	91.81623237857141
132.61450406144883	91.73280486770457
134.5434264405962	91.65055552881724
136.50040564181674	91.56951994875308
138.48584976098482	91.48970546679222
140.50017282986593	91.41108792718707
142.5437949024563	91.33360679554801
144.61714214257822	91.25716758098322
146.7206469127495	91.18165250565792
148.8547478643456	91.10693257283721
151.01989002907314	91.03287785430288
153.216524911774	90.95936574122393
155.4451105845792	90.88628746252084
157.70611178243232	90.81355363387529
160.00000000000236	90.74109852250855
162.3272535900062	90.6688813426348
164.6883578629612	90.59688677414893
167.08380518838874	90.52512628182708
169.51409509748981	90.453639015152
171.97973438731407	90.38249052123209
174.4812372264439	90.31176963484037
177.01912526221608	90.24158788660277
179.5939277295025	90.17207818124693
182.20618156107355	90.10339153658573
184.85643149956664	90.03569273199763
187.54523021108326	89.96915672969064
190.27313840043846	89.90396518731882
193.04072492808663	89.84029993607012
195.84856692874806	89.77833560222763
198.69724993176072	89.71823340566999
201.58736798318304	89.66013274856067
204.5195237696723	89.60414295128176
207.49432874416505	89.55034279099442
210.5124032533856	89.49878946590326
213.57437666720915	89.44952596694631
216.68088750990657	89.4025850217694
219.83258359329807	89.35799249913387
223.03012215184378	89.31577169426824
226.2741699796992	89.27594347966166
229.5654035697641	89.23852237833647
232.90450925475412	89.20351467104842
236.2921833503241	89.17091746632094
239.72913230027333	89.14071294607388
243.21607282386276	89.11286488760526
246.75373206527502	89.08732310130856
250.34284774524843	89.06402765316804
253.9841683149166	89.04290975982973
257.67845311188546	89.02389297391645
261.42647251858085	89.00689685765641
265.22900812289896	88.99184022234003
269.08685288119375	88.97864042910992
273.0008112836349	88.96721195155749
276.97169952197106	88.95746841936094
281.00034565973334	88.94932339889888
285.0875898049141	88.94268795582082
289.23428428515797	88.93747013761482
293.44129382550057	88.9335789679228
297.7094957286928	88.93092902551449
302.0397800581479	88.9294414967705
306.4330498235497	88.92904135527472
310.89022116916016	88.9296558483291
315.41222356486645	88.93121506976993
320.00000000000654	88.93365166589767
324.6545071800142	88.93689988276341
329.3767157259242	88.94089670217997
334.16761037677935	88.9455827946889
339.02819019498156	88.95090232325441
343.95946877463007	88.9568014836289
348.9624744528898	88.96322863679805
354.03825052443415	88.97013474784315
359.187855459007	88.97747373973877
364.4123631221491	88.98520292918204
369.71286299913527	88.9932840585514
375.0904604221685	89.00168605968537
380.54627680087896	89.01038814961586
386.08144985617537	89.01938073074604
391.6971338574982	89.02866473523531
397.3944998635236	89.03824975256047
403.1747359663683	89.0481512021462
409.0390475393468	89.05838792156038
414.9886574883323	89.06898048573079
421.0248065067734	89.07994981092199
427.1487533344206	89.09131524105238
433.3617750198154	89.10309389156056
439.6651671865984	89.11529929612887
446.06024430368984	89.12794004724498
452.54833995940066	89.14101873790327
459.13080713953053	89.15453119650826
465.8090185095106	89.16846641423494
472.58436670065066	89.18280805208158
479.45826460054917	89.19753468453234
486.432145647728	89.2126192725952
493.50746413055253	89.22803232932328
500.6856954904994	89.24374682765581
507.9683366298358	89.2597437522389
515.3569062237735	89.27601564114846
522.8529450371643	89.29256488308062
530.4580162458005	89.30939994807605
538.1737057623901	89.32653278552898
546.0016225672724	89.34397937825294
553.9433990439449	89.3617630683186
562.0006913194694	89.37992269685432
570.1751796098309	89.39851883657155
578.4685685703187	89.41763089782992
586.8825876510039	89.43734699582788
595.4189914573883	89.45774787911651
604.0795601162986	89.4788884744807
612.8660996471021	89.50078103644495
621.780442338323	89.523394740133
630.8244471297356	89.54667708736046
640.0000000000159	89.57058158300245
649.3090143600314	89.59508344321532
658.7534314518515	89.6201787520735
668.3352207535618	89.64587464946395
678.0563803899662	89.67217716712216
687.9189375492632	89.69907982103457
697.9249489057827	89.72655970805846
708.0765010488715	89.75457735877701
718.3757109180171	89.78307663106926
728.8247262443015	89.81198654618912
739.425725998274	89.84123350642186
750.1809208443404	89.87076209779558
761.0925536017613	89.90055502676434
772.1628997123541	89.93064500663154
783.3942677149998	89.96111048754783
794.7889997270506	89.99206277429015
806.34947193274	90.0236322247463
818.0780950786972	90.05595487765254
829.9773149766683	90.0891641567856
842.0496130135506	90.12339244923535
854.2975066688449	90.1587669037701
866.7235500396347	90.19540487348074
879.3303343732008	90.23340858307063
892.1204886073838	90.2728696876831
905.0966799188055	90.31386879535084
918.2616142790653	90.35646685751482
931.6180370190256	90.40070084507789
945.1687334013056	90.44659015700269
958.9165292011028	90.49413845604403
972.8642912954606	90.54333065225634
987.0149282611097	90.59415475271375
1001.3713909810035	90.64663996991419
1015.9366732596762	90.70088654186065
1030.7138124475518	90.7570795400367
1045.7058900743334	90.81548083774504
1060.916032491606	90.87639749971213
1076.3474115247852	90.94012768266975
1092.0032451345498	91.00692181606183
1107.8867980878947	91.07697650965078
1124.0013826389438	91.15042704774717
1140.350359219667	91.22732647529592
1156.9371371406426	91.30764102124556
1173.765175302013	91.39130142609383
1190.837982914782	91.4782602406104
1208.1591202326028	91.56852102929264
1225.73219929421	91.6621267777553
1243.5608846766518	91.75911685145604
1261.648894259477	91.85944502318664
1280.0000000000375	91.9628908623374
1298.6180287200684	92.0690610978695
1317.5068629037087	92.17746054885387
1336.6704415071292	92.28756318424064
1356.112760779938	92.3988631382353
1375.8378750985323	92.51093428830379
1395.8498978115715	92.62350049221105
1416.153002097749	92.73651151149214
1436.7514218360407	92.8501985726858
1457.6494524886093	92.96505005538711
1478.8514519965543	93.08171894115046
1500.3618416886875	93.2009118267
1522.1851072035295	93.32327494799512
1544.3257994247153	93.44930476341416
1566.788535430007	93.57937494736193
1589.5779994541087	93.71379451382195
1612.6989438654878	93.8528072043046
1636.156190157402	93.99655265146714
1659.9546299533442	94.14509453009302
1684.099226027109	94.29847866043345
1708.5950133376978	94.45673821306802
1733.4471000792773	94.61986178306991
1758.6606687464096	94.78777217399649
1784.2409772147755	94.96032707339087
1810.193359837619	95.13729675825182
1836.5232285581387	95.31829537725515
1863.2360740380593	95.50273031893413
1890.3374668026197	95.68978969755383
1917.833058402214	95.87844157215356
1945.7285825909298	96.06745479389333
1974.0298565222283	96.25549702201589
2002.7427819620161	96.44137746877522
2031.8733465193618	96.62440599131628
2061.4276248951132	96.80462140026292
2091.411780148677	96.9825256215119
2121.832064983222	97.15869718376858
2152.694823049581	97.33357159962631
2184.0064902691106	97.50730543935536
2215.7735961758003	97.67965709081781
2248.002765277899	97.84996161464178
2280.7007184393456	98.01724817102979
2313.874274281297	98.18034239645962
2347.530350604038	98.33797425214392
2381.6759658295764	98.48907402125968
2416.318240465218	98.63310175278835
2451.4643985884327	98.7700273310427
2487.1217693533167	98.89999895122084
2523.2977885189675	99.02320146797373
2560.0000000000887	99.13990974417759
2597.236057440151	99.25036781940153
2635.0137258074315	99.35452172723467
2673.340883014273	99.4519760269361
2712.225521559891	99.54223154156259
2751.6757501970797	99.62474200781284
2791.699795623158	99.69888542205524
2832.3060041955137	99.76437405217577
2873.502843672097	99.82186396481707
2915.2989049772345	99.87256225161495
2957.7029039931244	99.91745478363885
3000.723683377391	99.956948239015
3044.370214407075	99.99093285992575
3088.6515988494466	100.01898643671512
3133.57707086003	100.04049057201645
3179.1559989082334	100.0549103303852
3225.3978877309914	100.06216128061128
3272.3123803148205	100.06256912961616
3319.9092599067053	100.0564225097408
3368.198452054235	100.04380497829533
3417.190026675413	100.02484130781362
3466.8942001585724	99.99986209997424
3517.3213374928373	99.96916238718862
3568.4819544295697	99.93297024760659
3620.386719675257	99.89178276964562
3673.0464571162966	99.84651911045145
3726.472148076138	99.79814563131234
3780.6749336052594	99.7473746145454
3835.6661168044484	99.69462835218849
3891.45716518188	99.64002378427158
3948.059713044477	99.58339306140459
4005.4855639240527	99.52439413580798
4063.746693038744	99.462781657995
4122.855249790247	99.3985396804857
4182.823560297375	99.33179382678793
4243.664129966465	99.26267485809849
4305.389646099183	99.19132810410986
4368.012980538242	99.11796643503409
4431.5471923516225	99.04279909818787
4496.00553055582	98.9659618757405
4561.401436878714	98.88758255468602
4627.748548562617	98.80783472405803
4695.060701208099	98.72695684483021
4763.351931659176	98.6453393263103
4832.63648093046	98.5635402573835
4902.928797176889	98.48229440128301
4974.243538706657	98.40245096117299
5046.595577037959	98.32462762607535
5120.000000000202	98.24854202649836
5194.472114880326	98.17317310022217
5270.027451614888	98.09748378531658
5346.6817660285715	98.02091578191704
5424.451043119808	97.94367047701087
5503.351500394186	97.8666931328908
5583.399591246343	97.79115558978451
5664.612008391055	97.71758782843891
5747.005687344222	97.64503349931132
5830.597809954497	97.57077611781749
5915.405807986278	97.4908260769637
6001.447366754812	97.40110695654596
6088.740428814181	97.29967212932898
6177.303197698925	97.18866652856022
6267.154141720092	97.07233459700193
6358.3119978165005	96.95416668914504
6450.795775462017	96.83527809981585
6544.624760629676	96.7142860834692
6639.818519813445	96.5881720919622
6736.396904108505	96.4537196651893
6834.380053350861	96.309340957299
6933.788400317181	96.15473589828592
7034.642674985712	95.98919425744033
7136.963908859177	95.81152548158265
7240.773439350552	95.62250563785739
7346.092914232631	95.425700783027
7452.944296152315	95.22548812689433
7561.349867210557	95.02502013101598
7671.332233608935	94.82495740063484
7782.914330363799	94.6235049340514
7896.119426088994	94.41733156721104
8010.971127848146	94.20289824370377
8127.49338607753	93.9782035044978
8245.710499580537	93.74392026072944
8365.647120594791	93.50126865810148
8487.328259932974	93.250124214499
8610.77929219841	92.98980391532312
8736.025961076528	92.72096014581379
8863.094384703289	92.44463513392556
8992.011061111683	92.16103777514827
9122.802873757471	91.86985432886645
9255.497097125279	91.57107956998017
9390.121402416245	91.26494728258295
9526.7038633184	90.95171933649019
9665.272961860968	90.6328006660096
9805.857594353829	90.31225206042609
9948.487077413367	89.99652886909493
10093.19115407597	89.69105748392948
10240.000000000457	89.39549626423069
10388.944229760706	89.1043450914776
10540.05490322983	88.81209740331107
10693.363532057198	88.51578545492501
10848.902086239672	88.21457064696813
11006.703000788428	87.90845103725968
11166.799182492743	87.59805232688804
11329.224016782166	87.284351077925
11494.0113746885	86.96909425090476
11661.195619909053	86.65715666920754
11830.811615972614	86.35571701568435
12002.894733509682	86.0670324620662
12177.48085762842	85.78618566825948
12354.606395397908	85.5071433222289
12534.308283440243	85.22684756730224
12716.62399563306	84.94470436423639
12901.591550924093	84.66144306026064
13089.249521259411	84.38003985408024
13279.637039626952	84.10475135824852
13472.793808217073	83.8364393175085
13668.760106701786	83.57162428503666
13867.576800634426	83.30922606899847
14069.285349971487	83.05267252490721
14273.927817718419	82.8038454493914
14481.54687870117	82.55853515224892
14692.18582846533	82.30930720522889
14905.888592304698	82.04581896796469
15122.699734421185	81.75745959027162
15342.664467217943	81.44701752241401
15565.828660727671	81.12281297766751
15792.238852178061	80.7819722265145
16021.942255696367	80.40918839912416
16254.986772155136	79.99768927983622
16491.42099916115	79.55683064258152
16731.294241189662	79.09164664104611
16974.65651986603	78.58836283793366
17221.558584396902	78.0337624302078
17472.051922153143	77.4375292664305
17726.188769406665	76.80738093839365
17984.022122223458	76.11439172341431
18245.605747515034	75.32772004152898
18510.99419425065	74.55250374210563
18780.242804832582	74.16127079730157
19053.40772663689	74.50571659848099
19330.545923722028	73.86083524205796
19611.71518870775	64.35095358911053
19896.974154826825	36.93344005305843
20186.382308152035	1.266276693995026