20	89.99999999999986
20.290906698750476	89.9999999999999
20.586044732869844	89.9999999999999
20.885475648548283	89.99999999999993
21.189261887185914	89.99999999999991
21.49746679841394	89.99999999999993
21.810154653305165	89.99999999999994
22.12739065777668	89.99999999999996
22.449240966187475	89.99999999999996
22.77577269513385	89.99999999999999
23.107053937445478	90
23.44315377638505	90.00000000000004
23.784142300054445	90.00000000000006
24.130090616010463	90.00000000000007
24.481070866093134	90.00000000000006
24.837156241469714	90.00000000000004
25.1984209978975	90.00000000000007
25.56494047120865	90.00000000000007
25.936791093020236	90.00000000000006
26.3140504066728	90.00000000000001
26.69679708340074	90
27.08511093873791	89.99999999999999
27.47907294916184	89.99999999999999
27.878765268980047	89.99999999999999
28.284271247461966	90
28.695675446220072	90.00000000000001
29.11306365684382	90.00000000000003
29.536522918790062	90.00000000000001
29.966141537533712	90.00000000000001
30.402009102982383	90.00000000000001
30.844216508158908	90.00000000000004
31.29285596815558	90.00000000000004
31.74802103936409	90.00000000000001
32.20980663898519	90.00000000000001
32.67830906482211	90
33.153626015361866	90.00000000000001
33.63585661014871	90.00000000000003
34.125101410453844	90
34.62146244024586	90
35.12504320746613	90
35.635948725613716	90
36.15428553564419	90.00000000000003
36.68016172818701	90.00000000000003
37.21368696608603	90.00000000000003
37.754972507267915	90.00000000000001
38.30413122794313	90.00000000000003
38.86127764614443	90.00000000000003
39.4265279456077	89.99999999999999
40.000000000000206	89.99999999999997
40.58181339750116	89.99999999999996
41.1720894657399	89.99999999999999
41.77095129709678	90
42.37852377437204	90.00000000000001
42.9949335968281	90.00000000000003
43.62030930661056	90.00000000000004
44.25478131555359	90.00000000000004
44.89848193237519	90.00000000000003
45.55154539026795	90.00000000000007
46.21410787489121	90.00000000000009
46.88630755277036	90.00000000000007
47.56828460010916	90.00000000000007
48.260181232021196	90.00000000000006
48.962141732186545	90.00000000000006
49.674312482939705	90.00000000000006
50.39684199579528	90.00000000000007
51.129880942417586	90.00000000000004
51.873582186040764	90.00000000000001
52.628100813345895	90
53.393594166801776	89.99999999999997
54.17022187747612	89.99999999999994
54.95814589832399	89.99999999999991
55.75753053796041	89.9999999999999
56.56854249492426	89.99999999999991
57.39135089244048	89.9999999999999
58.226127313687975	89.99999999999991
59.073045837580466	89.99999999999991
59.932283075067765	89.99999999999993
60.804018205965114	89.99999999999994
61.68843301631817	89.99999999999993
62.58571193631152	89.99999999999993
63.49604207872855	89.99999999999994
64.41961327797075	89.99999999999994
65.35661812964459	89.99999999999994
66.3072520307241	89.99999999999993
67.27171322029778	89.99999999999993
68.25020282090806	89.99999999999996
69.2429248804921	89.99999999999994
70.25008641493265	89.99999999999999
71.27189745122783	90.00000000000001
72.30857107128878	90.00000000000006
73.36032345637442	90.00000000000009
74.42737393217246	90.00000000000014
75.50994501453623	90.00000000000018
76.60826245588666	90.00000000000024
77.72255529228926	90.0000000000003
78.85305589121582	90.00000000000037
80.00000000000082	90.00000000000044
81.16362679500274	90.00000000000051
82.34417893148023	90.00000000000057
83.541902594194	90.00000000000064
84.75704754874454	90.00000000000071
85.98986719365665	90.00000000000078
87.24061861322157	90.00000000000084
88.50956263110764	90.00000000000091
89.79696386475084	90.00000000000094
91.10309078053635	90.00000000000097
92.42821574978288	90.00000000000092
93.77261510554118	90.00000000000085
95.13656920021877	90.00000000000071
96.52036246404286	90.0000000000005
97.92428346437356	90.00000000000018
99.34862496587989	89.99999999999982
100.79368399159105	89.9999999999993
102.25976188483567	89.99999999999866
103.74716437208203	89.99999999999788
105.25620162669229	89.99999999999696
106.78718833360406	89.99999999999586
108.34044375495276	89.99999999999463
109.9162917966485	89.99999999999325
111.51506107592134	89.99999999999172
113.13708498984903	89.99999999999007
114.78270178488147	89.99999999998829
116.45225462737648	89.99999999998647
118.14609167516147	89.99999999998468
119.86456615013608	89.99999999998296
121.60803641193078	89.99999999998144
123.3768660326369	89.99999999998023
125.17142387262359	89.99999999997955
126.99208415745765	89.99999999997952
128.83922655594208	89.99999999998039
130.71323625928977	89.9999999999824
132.61450406144883	89.99999999998587
134.5434264405962	89.9999999999911
136.50040564181674	89.99999999999841
138.48584976098482	90.00000000000814
140.50017282986593	90.00000000002066
142.5437949024563	90.00000000003627
144.61714214257822	90.00000000005532
146.7206469127495	90.00000000007797
148.8547478643456	90.00000000010442
151.01989002907314	90.00000000013466
153.216524911774	90.0000000001685
155.4451105845792	90.00000000020553
157.70611178243232	90.00000000024504
160.00000000000236	90.00000000028591
162.3272535900062	90.00000000032665
164.6883578629612	90.00000000036516
167.08380518838874	90.00000000039879
169.51409509748981	90.00000000042414
171.97973438731407	90.00000000043715
174.4812372264439	90.00000000043289
177.01912526221608	90.00000000040556
179.5939277295025	90.00000000034859
182.20618156107355	90.00000000025453
184.85643149956664	90.00000000011528
187.54523021108326	89.99999999992224
190.27313840043846	89.99999999966658
193.04072492808663	89.99999999933966
195.84856692874806	89.9999999989336
198.69724993176072	89.99999999844192
201.58736798318304	89.99999999786048
204.5195237696723	89.99999999718865
207.49432874416505	89.9999999964305
210.5124032533856	89.99999999559648
213.57437666720915	89.9999999947052
216.68088750990657	89.99999999378537
219.83258359329807	89.99999999287803
223.03012215184378	89.99999999203895
226.2741699796992	89.99999999134081
229.5654035697641	89.9999999908755
232.90450925475412	89.999999990756
236.2921833503241	89.99999999111776
239.72913230027333	89.99999999211933
243.21607282386276	89.99999999394144
246.75373206527502	89.9999999967849
250.34284774524843	90.00000000086577
253.9841683149166	90.00000000640807
257.67845311188546	90.00000001363279
261.42647251858085	90.00000002274264
265.22900812289896	90.00000003390183
269.08685288119375	90.00000004721002
273.0008112836349	90.00000006266974
276.97169952197106	90.00000008014685
281.00034565973334	90.00000009932377
285.0875898049141	90.0000001196454
289.23428428515797	90.0000001402589
293.44129382550057	90.00000015994817
297.7094957286928	90.00000017706591
302.0397800581479	90.00000018946709
306.4330498235497	90.00000019444882
310.89022116916016	90.00000018870405
315.41222356486645	90.0000001682986
320.00000000000654	90.00000012868338
324.6545071800142	90.00000006475659
329.3767157259242	89.99999997099358
334.16761037677935	89.99999984166476
339.02819019498156	89.99999967116482
343.95946877463007	89.99999945447803
348.9624744528898	89.9999991878059
354.03825052443415	89.99999886938194
359.187855459007	89.99999850049568
364.4123631221491	89.99999808674058
369.71286299913527	89.99999763949035
375.0904604221685	89.99999717759054
380.54627680087896	89.99999672922863
386.08144985617537	89.9999963339127
391.6971338574982	89.99999604444717
397.3944998635236	89.99999592873863
403.1747359663683	89.99999607119975
409.0390475393468	89.99999657343973
414.9886574883323	89.9999975538395
421.0248065067734	89.99999914551017
427.1487533344206	90.00000149202772
433.3617750198154	90.00000474023525
439.6651671865984	90.00000902931352
446.06024430368984	90.00001447526016
452.54833995940066	90.00002114990622
459.13080713953053	90.00002905366424
465.8090185095106	90.00003808137856
472.58436670065066	90.0000479809794
479.45826460054917	90.0000583051756
486.432145647728	90.00006835721533
493.50746413055253	90.00007713285699
500.6856954904994	90.00008326218827
507.9683366298358	90.00008495686171
515.3569062237735	90.00007997072018
522.8529450371643	90.00006558467558
530.4580162458005	90.00003863003904
538.1737057623901	89.99999556817575
546.0016225672724	89.99993264816133
553.9433990439449	89.99984616770678
562.0006913194694	89.99973286547753
570.1751796098309	89.99959047431781
578.4685685703187	89.99941846379959
586.8825876510039	89.99921899563606
595.4189914573883	89.99899810518673
604.0795601162986	89.99876710454878
612.8660996471021	89.9985441752926
621.780442338323	89.99835607925873
630.8244471297356	89.99823986147064
640.0000000000159	89.99824434788663
649.3090143600314	89.99843115091345
658.7534314518515	89.99887478722253
668.3352207535618	89.99966138764263
678.0563803899662	90.00088534341731
687.9189375492632	90.0026430975415
697.9249489057827	90.00502295394864
708.0765010488715	90.00809081143204
718.3757109180171	90.01188789004435
728.8247262443015	90.01645740037104
739.425725998274	90.02182483772916
750.1809208443404	90.02797686712381
761.0925536017613	90.0348897056484
772.1628997123541	90.0425645105067
783.3942677149998	90.05105672907673
794.7889997270506	90.06049921627671
806.34947193274	90.07111814756088
818.0780950786972	90.08323993371701
829.9773149766683	90.0972860129473
842.0496130135506	90.11375256935113
854.2975066688449	90.13319101692647
866.7235500396347	90.15620809876678
879.3303343732008	90.18342701967312
892.1204886073838	90.21550730651104
905.0966799188055	90.2531048989599
918.2616142790653	90.2968556131701
931.6180370190256	90.34738365814513
945.1687334013056	90.40525797160385
958.9165292011028	90.47092106886483
972.8642912954606	90.54467926766065
987.0149282611097	90.62668447505331
1001.3713909810035	90.71697450941903
1015.9366732596762	90.81547510630647
1030.7138124475518	90.92200406283355
1045.7058900743334	91.03627124391636
1060.916032491606	91.15784887483804
1076.3474115247852	91.28622028015818
1092.0032451345498	91.42079070709521
1107.8867980878947	91.56089046110135
1124.0013826389438	91.70574028955797
1140.350359219667	91.85446094160696
1156.9371371406426	92.00613357822974
1173.765175302013	92.15982214665752
1190.837982914782	92.31454763336278
1208.1591202326028	92.46926516845232
1225.73219929421	92.6229333632244
1243.5608846766518	92.77457237707276
1261.648894259477	92.92322822766398
1280.0000000000375	93.06798527144385
1298.6180287200684	93.20807573775437
1317.5068629037087	93.34289176113649
1336.6704415071292	93.47207069015958
1356.112760779938	93.59546376096642
1375.8378750985323	93.71315247065984
1395.8498978115715	93.82548756062616
1416.153002097749	93.93298489786035
1436.7514218360407	94.03627398059787
1457.6494524886093	94.13610560982347
1478.8514519965543	94.2333066363242
1500.3618416886875	94.32873011099494
1522.1851072035295	94.42316452238035
1544.3257994247153	94.51735169318086
1566.788535430007	94.61190673217627
1589.5779994541087	94.70725901809256
1612.6989438654878	94.80369612453123
1636.156190157402	94.90131453182799
1659.9546299533442	95.00007252197368
1684.099226027109	95.09985544310943
1708.5950133376978	95.20051090172707
1733.4471000792773	95.30185496096226
1758.6606687464096	95.40365191554838
1784.2409772147755	95.50557596877483
1810.193359837619	95.60722149444284
1836.5232285581387	95.70824986213483
1863.2360740380593	95.80838535465328
1890.3374668026197	95.90738185175314
1917.833058402214	96.00502144195312
1945.7285825909298	96.10115129665634
1974.0298565222283	96.19569330399828
2002.7427819620161	96.28855014164371
2031.8733465193618	96.37967656213178
2061.4276248951132	96.46902372537285
2091.411780148677	96.55649375221594
2121.832064983222	96.64196494965117
2152.694823049581	96.72530779390758
2184.0064902691106	96.80630364804307
2215.7735961758003	96.8847823905363
2248.002765277899	96.96064277310997
2280.7007184393456	97.03382318607055
2313.874274281297	97.10419382260852
2347.530350604038	97.17170882382938
2381.6759658295764	97.2363556628404
2416.318240465218	97.29794977147706
2451.4643985884327	97.35622053669346
2487.1217693533167	97.41080764047481
2523.2977885189675	97.46135589779358
2560.0000000000887	97.5076923286189
2597.236057440151	97.54973111268862
2635.0137258074315	97.58732329053471
2673.340883014273	97.62036572264715
2712.225521559891	97.64863251039532
2751.6757501970797	97.67199182818307
2791.699795623158	97.6904761114893
2832.3060041955137	97.70414761020353
2873.502843672097	97.71304758586166
2915.2989049772345	97.71703258549115
2957.7029039931244	97.71585327078904
3000.723683377391	97.70943971043998
3044.370214407075	97.69793660742688
3088.6515988494466	97.68152681470313
3133.57707086003	97.66037161518679
3179.1559989082334	97.63443114255206
3225.3978877309914	97.60355571837573
3272.3123803148205	97.5678063987255
3319.9092599067053	97.52741337499207
3368.198452054235	97.48249394285003
3417.190026675413	97.43308470285862
3466.8942001585724	97.37939937487684
3517.3213374928373	97.32169805906246
3568.4819544295697	97.25999844619412
3620.386719675257	97.19450407236425
3673.0464571162966	97.12571635456962
3726.472148076138	97.05407588782677
3780.6749336052594	96.97981131577613
3835.6661168044484	96.90312538245561
3891.45716518188	96.82443682011024
3948.059713044477	96.74414122130473
4005.4855639240527	96.66242957214615
4063.746693038744	96.5793204000111
4122.855249790247	96.49487758742885
4182.823560297375	96.40935660631202
4243.664129966465	96.32291444421901
4305.389646099183	96.23587275835537
4368.012980538242	96.14839954324758
4431.5471923516225	96.06037654835258
4496.00553055582	95.97202093920593
4561.401436878714	95.88380629366206
4627.748548562617	95.79616194123128
4695.060701208099	95.70914515084667
4763.351931659176	95.62239645865506
4832.63648093046	95.53576733624818
4902.928797176889	95.44899454952188
4974.243538706657	95.36146565177609
5046.595577037959	95.27287168556863
5120.000000000202	95.18301777927763
5194.472114880326	95.09152443418535
5270.027451614888	94.99780639070013
5346.6817660285715	94.90141292008353
5424.451043119808	94.80241213415609
5503.351500394186	94.7008824332463
5583.399591246343	94.59665941737408
5664.612008391055	94.48967286119759
5747.005687344222	94.38033816372086
5830.597809954497	94.26906299385763
5915.405807986278	94.15604169581732
6001.447366754812	94.04160713528655
6088.740428814181	93.92647734588182
6177.303197698925	93.81110283608754
6267.154141720092	93.69613418879507
6358.3119978165005	93.58204693784465
6450.795775462017	93.46958057685633
6544.624760629676	93.35892157427239
6639.818519813445	93.25002853883295
6736.396904108505	93.14287097460766
6834.380053350861	93.03711255783352
6933.788400317181	92.93202276342225
7034.642674985712	92.82726987255587
7136.963908859177	92.72253579089009
7240.773439350552	92.61790170599102
7346.092914232631	92.51324602118818
7452.944296152315	92.40857727286662
7561.349867210557	92.3033525879117
7671.332233608935	92.19687545768262
7782.914330363799	92.0879345903847
7896.119426088994	91.97615343209708
8010.971127848146	91.86213636717494
8127.49338607753	91.74720912009637
8245.710499580537	91.63191124187215
8365.647120594791	91.51672315772899
8487.328259932974	91.40132702830158
8610.77929219841	91.285638296222
8736.025961076528	91.16917480914267
8863.094384703289	91.05249713017399
8992.011061111683	90.93576622187534
9122.802873757471	90.81782878760411
9255.497097125279	90.69864723396728
9390.121402416245	90.57883801327361
9526.7038633184	90.45893779034095
9665.272961860968	90.33917081380727
9805.857594353829	90.21932034838672
9948.487077413367	90.09853876228068
10093.19115407597	89.97534933513336
10240.000000000457	89.8485880152788
10388.944229760706	89.71855254227037
10540.05490322983	89.58518233450891
10693.363532057198	89.44807352768827
10848.902086239672	89.30779021308332
11006.703000788428	89.16417347240356
11166.799182492743	89.01665130842711
11329.224016782166	88.86601367355881
11494.0113746885	88.71301824864729
11661.195619909053	88.55897422835402
11830.811615972614	88.40651643695752
12002.894733509682	88.25587288741673
12177.48085762842	88.10619144994982
12354.606395397908	87.95666493750556
12534.308283440243	87.8062451078413
12716.62399563306	87.65321732807162
12901.591550924093	87.4962563611781
13089.249521259411	87.3360310950648
13279.637039626952	87.1724140930177
13472.793808217073	87.00471835838876
13668.760106701786	86.83449395778106
13867.576800634426	86.66360680125074
14069.285349971487	86.49411364418694
14273.927817718419	86.32926504111944
14481.54687870117	86.17143370258057
14692.18582846533	86.01947303795691
14905.888592304698	85.87549566439819
15122.699734421185	85.73914076762146
15342.664467217943	85.61022561546926
15565.828660727671	85.4855106381825
15792.238852178061	85.35900566117608
16021.942255696367	85.22755128072833
16254.986772155136	85.08653730298167
16491.42099916115	84.92968195111993
16731.294241189662	84.75237453784426
16974.65651986603	84.55925704324105
17221.558584396902	84.3597526877826
17472.051922153143	84.1686614120781
17726.188769406665	84.00133638958881
17984.022122223458	83.85914937475256
18245.605747515034	83.72768300759557
18510.99419425065	83.58608628014893
18780.242804832582	83.41908718573265
19053.40772663689	83.22124429711177
19330.545923722028	82.95940966505484
19611.71518870775	82.65564112223768
19896.974154826825	82.4450543109592
20186.382308152035	82.36706948171495