20	-0.0007271972580543143
20.290906698750476	-0.000653898256116109
20.586044732869844	-0.0005798998112951365
20.885475648548283	-0.0005040569657585627
21.189261887185914	-0.0004247398734959426
21.49746679841394	-0.00033989739991453684
21.810154653305165	-0.00024712368538330233
22.12739065777668	-0.00014372939853790102
22.449240966187475	-0.000026819705884261608
22.77577269513385	0.0001066187729956529
23.107053937445478	0.0002596195760528122
23.44315377638505	0.00043512401836233797
23.784142300054445	0.0006358522363759875
24.130090616010463	0.0008641551378247986
24.481070866093134	0.0011218449107736408
24.837156241469714	0.0014100020417970524
25.1984209978975	0.00172889784257068
25.56494047120865	0.002078312843625321
25.936791093020236	0.0024575484416285986
26.3140504066728	0.0028656946882732112
26.69679708340074	0.003301591264316825
27.08511093873791	0.003764046510639746
27.47907294916184	0.004251750440832192
27.878765268980047	0.004763448430832418
28.284271247461966	0.005297809958979941
28.695675446220072	0.0058535609102416675
29.11306365684382	0.006429311973616528
29.536522918790062	0.007023796658960007
29.966141537533712	0.007636092502374563
30.402009102982383	0.00826539729803365
30.844216508158908	0.00891107630178306
31.29285596815558	0.009572407058003447
31.74802103936409	0.0102487420546566
32.20980663898519	0.010939657877416069
32.67830906482211	0.011644657493899074
33.153626015361866	0.012363294655432951
33.63585661014871	0.013095285879726295
34.125101410453844	0.013840173243499086
34.62146244024586	0.014597413412532774
35.12504320746613	0.015366602281777823
35.635948725613716	0.01614754224035534
36.15428553564419	0.016939856502983637
36.68016172818701	0.017743035632928367
37.21368696608603	0.01855662239750328
37.754972507267915	0.01938038805799739
38.30413122794313	0.020214350364015986
38.86127764614443	0.021058332772149836
39.4265279456077	0.021911963739531092
40.000000000000206	0.02277481754070583
40.58181339750116	0.023646547299104967
41.1720894657399	0.024527010548120332
41.77095129709678	0.0254163875577219
42.37852377437204	0.02631513857446735
42.9949335968281	0.027223491327842887
43.62030930661056	0.02814138001727607
44.25478131555359	0.02906852944409076
44.89848193237519	0.03000453093472078
45.55154539026795	0.030948910209551404
46.21410787489121	0.03190118748409891
46.88630755277036	0.03286093015880299
47.56828460010916	0.03382779845151621
48.260181232021196	0.03480158429772877
48.962141732186545	0.0357822437534397
49.674312482939705	0.036769923010985826
50.39684199579528	0.03776497798044668
51.129880942417586	0.038767987206957726
51.873582186040764	0.039779757675516274
52.628100813345895	0.040801322831901375
53.393594166801776	0.041833931911402174
54.17022187747612	0.04287902941166902
54.95814589832399	0.04393822331423998
55.75753053796041	0.045013240431977936
56.56854249492426	0.04610586706384642
57.39135089244048	0.0472178729669085
58.226127313687975	0.0483509165591858
59.073045837580466	0.049506429235078545
59.932283075067765	0.05068564941035471
60.804018205965114	0.05189015074289331
61.68843301631817	0.05312182967316273
62.58571193631152	0.05438269257823328
63.49604207872855	0.05567478851352877
64.41961327797075	0.057000639439797315
65.35661812964459	0.0583631076663919
66.3072520307241	0.05976522754850192
67.27171322029778	0.06121053453288729
68.25020282090806	0.06270281049024465
69.2429248804921	0.06424578081412313
70.25008641493265	0.06584330525574372
71.27189745122783	0.06749914564783542
72.30857107128878	0.06921722870679603
73.36032345637442	0.07100184432399773
74.42737393217246	0.0728572120545178
75.50994501453623	0.07478753640063016
76.60826245588666	0.07679697912593626
77.72255529228926	0.07888896890422718
78.85305589121582	0.08106599190481839
80.00000000000082	0.0833294766514651
81.16362679500274	0.08567977507939288
82.34417893148023	0.08811663321761394
83.541902594194	0.09063896535627329
84.75704754874454	0.09324452363502433
85.98986719365665	0.09593006476488172
87.24061861322157	0.09869100977463494
88.50956263110764	0.101521618256818
89.79696386475084	0.1044152773846724
91.10309078053635	0.1073647083847126
92.42821574978288	0.11036209682928626
93.77261510554118	0.11339936795018393
95.13656920021877	0.11646904450010662
96.52036246404286	0.11956441867926144
97.92428346437356	0.12267968804245608
99.34862496587989	0.12581071509195677
100.79368399159105	0.128955331107349
102.25976188483567	0.13211406912624052
103.74716437208203	0.13529021461716112
105.25620162669229	0.13848961251229613
106.78718833360406	0.1417206769850567
108.34044375495276	0.14499505826339545
109.9162917966485	0.14832757642595035
111.51506107592134	0.15173585958989216
113.13708498984903	0.15523989227201584
114.78270178488147	0.15886144629335142
116.45225462737648	0.16262336223290524
118.14609167516147	0.16654864569547215
119.86456615013608	0.1706593398060391
121.60803641193078	0.17497538395311102
123.3768660326369	0.17951417394533306
125.17142387262359	0.1842900533639595
126.99208415745765	0.1893137125376066
128.83922655594208	0.1945922404909115
130.71323625928977	0.2001290498260165
132.61450406144883	0.20592366472915002
134.5434264405962	0.21197215560387922
136.50040564181674	0.2182677048309302
138.48584976098482	0.22480185468955177
140.50017282986593	0.2315656465889487
142.5437949024563	0.2385503886530877
144.61714214257822	0.24574805486940152
146.7206469127495	0.25315160346246335
148.8547478643456	0.2607557890288491
151.01989002907314	0.26855706056251244
153.216524911774	0.2765539819552468
155.4451105845792	0.2847473071335206
157.70611178243232	0.29313881969199385
160.00000000000236	0.3017310004401577
162.3272535900062	0.3105275339174359
164.6883578629612	0.31953284266900356
167.08380518838874	0.32875216450574185
169.51409509748981	0.338191548499242
171.97973438731407	0.3478574432346677
174.4812372264439	0.357756176377539
177.01912526221608	0.3678942791177697
179.5939277295025	0.3782786839935929
182.20618156107355	0.3889167860719869
184.85643149956664	0.3998170123843211
187.54523021108326	0.41098820807132996
190.27313840043846	0.42243984986009975
193.04072492808663	0.4341830816094966
195.84856692874806	0.4462304781613372
198.69724993176072	0.458596252128723
201.58736798318304	0.4712961633232743
204.5195237696723	0.48434672848500193
207.49432874416505	0.49776404467738977
210.5124032533856	0.5115632922722739
213.57437666720915	0.5257577671486844
216.68088750990657	0.5403573994160302
219.83258359329807	0.5553682607024666
223.03012215184378	0.5707930646607003
226.2741699796992	0.5866310933280533
229.5654035697641	0.6028779386825354
232.90450925475412	0.6195270781500708
236.2921833503241	0.6365704787689968
239.72913230027333	0.6540007186660259
243.21607282386276	0.6718117315467047
246.75373206527502	0.6900003026685179
250.34284774524843	0.708568779023094
253.9841683149166	0.7275268381301794
257.67845311188546	0.7468909466946786
261.42647251858085	0.7666845657187864
265.22900812289896	0.7869390622373742
269.08685288119375	0.8076920400233198
273.0008112836349	0.8289843289644203
276.97169952197106	0.8508573711430144
281.00034565973334	0.8733499343132833
285.0875898049141	0.8964954864710551
289.23428428515797	0.9203206373983692
293.44129382550057	0.9448440796354405
297.7094957286928	0.9700749591017386
302.0397800581479	0.9960131856516499
306.4330498235497	1.0226490947476108
310.89022116916016	1.0499635177589717
315.41222356486645	1.0779288453609883
320.00000000000654	1.106511189526646
324.6545071800142	1.1356732170160466
329.3767157259242	1.1653761051679374
334.16761037677935	1.1955824407660258
339.02819019498156	1.2262602204499216
343.95946877463007	1.2573857620183055
348.9624744528898	1.2889456071989702
354.03825052443415	1.320939276160836
359.187855459007	1.353381721082516
364.4123631221491	1.3863067206367803
369.71286299913527	1.4197673282173917
375.0904604221685	1.4538260040152649
380.54627680087896	1.488539075004309
386.08144985617537	1.523945719857998
391.6971338574982	1.5600675345545132
397.3944998635236	1.5969127606069402
403.1747359663683	1.6344762305618137
409.0390475393468	1.6727377032865387
414.9886574883323	1.7116657182771
421.0248065067734	1.7512206777499877
427.1487533344206	1.791355810947807
433.3617750198154	1.8320191280627611
439.6651671865984	1.873156602338092
446.06024430368984	1.9147153399291215
452.54833995940066	1.9566501487470778
459.13080713953053	1.998926629114342
465.8090185095106	2.0415216924400825
472.58436670065066	2.0844223724689823
479.45826460054917	2.1276238254629183
486.432145647728	2.1711282479286527
493.50746413055253	2.214940407491475
500.6856954904994	2.259064997775694
507.9683366298358	2.3035076782741895
515.3569062237735	2.348278082335547
522.8529450371643	2.393389249524864
530.4580162458005	2.438857064525874
538.1737057623901	2.4846957387094264
546.0016225672724	2.5309140037353934
553.9433990439449	2.577509925659489
562.0006913194694	2.6244632146259534
570.1751796098309	2.671725984553022
578.4685685703187	2.719216270923162
586.8825876510039	2.766815838509037
595.4189914573883	2.8143719397452225
604.0795601162986	2.86169841572131
612.8660996471021	2.9085726292759704
621.780442338323	2.9547328055495856
630.8244471297356	2.9998773450674703
640.0000000000159	3.043664522829537
649.3090143600314	3.085716016135219
658.7534314518515	3.125620815556682
668.3352207535618	3.1629474952706182
678.0563803899662	3.197261990409365
687.9189375492632	3.228154565176564
697.9249489057827	3.2552705115997007
708.0765010488715	3.278338435330104
718.3757109180171	3.297175281664691
728.8247262443015	3.311680571569995
739.425725998274	3.321832341761735
750.1809208443404	3.3276916243746757
761.0925536017613	3.3294131425498894
772.1628997123541	3.3272634959520873
783.3942677149998	3.321636412184459
794.7889997270506	3.313065542829505
806.34947193274	3.3022323769791875
818.0780950786972	3.2899653422005417
829.9773149766683	3.2772276890586793
842.0496130135506	3.2650815216462683
854.2975066688449	3.2546253601214308
866.7235500396347	3.246912112265526
879.3303343732008	3.24286194082405
892.1204886073838	3.243208565481876
905.0966799188055	3.248504445573418
918.2616142790653	3.259135211869977
931.6180370190256	3.2753257982765147
945.1687334013056	3.297143208316963
958.9165292011028	3.324503177920146
972.8642912954606	3.3571821833802686
987.0149282611097	3.3948361874586115
1001.3713909810035	3.4370294284529175
1015.9366732596762	3.4832784108916157
1030.7138124475518	3.5331178782314026
1045.7058900743334	3.586187193766656
1060.916032491606	3.6422994946177476
1076.3474115247852	3.701461394534486
1092.0032451345498	3.763850418858568
1107.8867980878947	3.8297752588452667
1124.0013826389438	3.8996408219939074
1140.350359219667	3.973918794889714
1156.9371371406426	4.053117639726558
1173.765175302013	4.137749925948883
1190.837982914782	4.228307989625061
1208.1591202326028	4.325239744966046
1225.73219929421	4.428933687703946
1243.5608846766518	4.539702664221394
1261.648894259477	4.657768518689279
1280.0000000000375	4.783248127940182
1298.6180287200684	4.916149539444764
1317.5068629037087	5.05637649231963
1336.6704415071292	5.203731764196906
1356.112760779938	5.357928074144589
1375.8378750985323	5.518600590592143
1395.8498978115715	5.6853201155960855
1416.153002097749	5.857604074488149
1436.7514218360407	6.0349383764585625
1457.6494524886093	6.216795020300812
1478.8514519965543	6.402649471494927
1500.3618416886875	6.592006300438699
1522.1851072035295	6.784425829275098
1544.3257994247153	6.979543332626105
1566.788535430007	7.177087246602935
1589.5779994541087	7.376901284040074
1612.6989438654878	7.578959984549233
1636.156190157402	7.783376938068179
1659.9546299533442	7.990405779229598
1684.099226027109	8.200430137881868
1708.5950133376978	8.413944375831191
1733.4471000792773	8.631542861802908
1758.6606687464096	8.853882632099989
1784.2409772147755	9.08163616766913
1810.193359837619	9.315444761527269
1836.5232285581387	9.555861585123296
1863.2360740380593	9.803290776596937
1890.3374668026197	10.057938267881422
1917.833058402214	10.319778596002163
1945.7285825909298	10.588501489975021
1974.0298565222283	10.863475812993768
2002.7427819620161	11.143743726635819
2031.8733465193618	11.428020034045419
2061.4276248951132	11.714708881442585
2091.411780148677	12.001923047947304
2121.832064983222	12.287503269410712
2152.694823049581	12.569075574562197
2184.0064902691106	12.844103959228592
2215.7735961758003	13.109925023057464
2248.002765277899	13.363818462748707
2280.7007184393456	13.603059256529086
2313.874274281297	13.824936759542746
2347.530350604038	14.026790890284788
2381.6759658295764	14.206068229427373
2416.318240465218	14.360372071834314
2451.4643985884327	14.487482120507972
2487.1217693533167	14.58542753327569
2523.2977885189675	14.652552926908692
2560.0000000000887	14.687594532827186
2597.236057440151	14.689795223016127
2635.0137258074315	14.659045664992346
2673.340883014273	14.596068073227764
2712.225521559891	14.502607284942604
2751.6757501970797	14.381579521998958
2791.699795623158	14.2371344512286
2832.3060041955137	14.074605173168939
2873.502843672097	13.900266992169051
2915.2989049772345	13.720807518918804
2957.7029039931244	13.542485309661252
3000.723683377391	13.370237747540292
3044.370214407075	13.20738707701221
3088.6515988494466	13.055846571102439
3133.57707086003	12.916406340838178
3179.1559989082334	12.788995905369353
3225.3978877309914	12.672876812345441
3272.3123803148205	12.566794255229373
3319.9092599067053	12.469211399717961
3368.198452054235	12.378525379473169
3417.190026675413	12.293296389404114
3466.8942001585724	12.212411976672168
3517.3213374928373	12.135120413097946
3568.4819544295697	12.060952341667086
3620.386719675257	11.989641359841256
3673.0464571162966	11.92102166276808
3726.472148076138	11.8548773707011
3780.6749336052594	11.790881336516103
3835.6661168044484	11.72859619107428
3891.45716518188	11.667480015558862
3948.059713044477	11.606910446436942
4005.4855639240527	11.546189059244538
4063.746693038744	11.484519491045567
4122.855249790247	11.421078521792168
4182.823560297375	11.35510757722247
4243.664129966465	11.285999101549322
4305.389646099183	11.213413503093856
4368.012980538242	11.137311710642809
4431.5471923516225	11.057924803618178
4496.00553055582	10.975744445427345
4561.401436878714	10.89143923611926
4627.748548562617	10.805725140559788
4695.060701208099	10.719250041527372
4763.351931659176	10.63255045604462
4832.63648093046	10.546123172229384
4902.928797176889	10.46054586789825
4974.243538706657	10.37654566494247
5046.595577037959	10.294959012017506
5120.000000000202	10.216704944673209
5194.472114880326	10.142736111140906
5270.027451614888	10.074022744628959
5346.6817660285715	10.01138971855779
5424.451043119808	9.955410313129649
5503.351500394186	9.90632528804215
5583.399591246343	9.864017939614913
5664.612008391055	9.828031427834201
5747.005687344222	9.797617443713914
5830.597809954497	9.77175879493257
5915.405807986278	9.74923342537336
6001.447366754812	9.728626943296037
6088.740428814181	9.708459198388447
6177.303197698925	9.687346106373036
6267.154141720092	9.664133290292487
6358.3119978165005	9.638058350982392
6450.795775462017	9.608238842332284
6544.624760629676	9.573042501992678
6639.818519813445	9.53090995222062
6736.396904108505	9.482047574515823
6834.380053350861	9.429617907090293
6933.788400317181	9.380444172645188
7034.642674985712	9.347409485914293
7136.963908859177	9.352218136641733
7240.773439350552	9.425060065371738
7346.092914232631	9.597288499803136
7452.944296152315	9.892138106643388
7561.349867210557	10.32205303687544
7671.332233608935	10.882977655873376
7782.914330363799	11.528589777646168
7896.119426088994	12.147565454743194
8010.971127848146	12.584024423578438
8127.49338607753	12.686988521020574
8245.710499580537	12.356179811635748
8365.647120594791	11.574270094961705
8487.328259932974	10.42634331351103
8610.77929219841	9.095021186682539
8736.025961076528	7.80842844751286
8863.094384703289	6.745522745051195
8992.011061111683	5.969423267145863
9122.802873757471	5.467741104915986
9255.497097125279	5.248916558883837
9390.121402416245	5.357622793369505
9526.7038633184	5.779551103308795
9665.272961860968	6.360550063392505
9805.857594353829	6.8472421211761345
9948.487077413367	7.000529875725709
10093.19115407597	6.690848214176194
10240.000000000457	5.947101170249043
10388.944229760706	4.962064409046915
10540.05490322983	4.03263435274372
10693.363532057198	3.4236792264361102
10848.902086239672	3.2428249871178725
11006.703000788428	3.4521149315830377
11166.799182492743	3.9722512886216252
11329.224016782166	4.731029656945967
11494.0113746885	5.638347827544146
11661.195619909053	6.566915549627302
11830.811615972614	7.368100508686954
12002.894733509682	7.901793339417196
12177.48085762842	8.070884916470272
12354.606395397908	7.8641369034330255
12534.308283440243	7.389404507080955
12716.62399563306	6.853373293315372
12901.591550924093	6.473415955224679
13089.249521259411	6.399202505229081
13279.637039626952	6.697970766239064
13472.793808217073	7.2963987548440095
13668.760106701786	7.8823921652074365
13867.576800634426	8.01049201293591
14069.285349971487	7.404169932499814
14273.927817718419	6.151783049126553
14481.54687870117	4.613047292304592
14692.18582846533	3.1690399583180855
14905.888592304698	2.0550174820922136
15122.699734421185	1.3168769705596262
15342.664467217943	0.8685069437260868
15565.828660727671	0.5907646443316211
15792.238852178061	0.401741983099713
16021.942255696367	0.2630649002391731
16254.986772155136	0.1605519310699433
16491.42099916115	0.08786602276132159
16731.294241189662	0.04057828079751544
16974.65651986603	0.014452474254217466
17221.558584396902	0.003822647731696779
17472.051922153143	0.001802753690563431
17726.188769406665	0.002382752282529284
17984.022122223458	0.0029115419468231977
18245.605747515034	0.0030479853914498123
18510.99419425065	0.0030305788449534665
18780.242804832582	0.003005459280069654
19053.40772663689	0.0029981247277832946
19330.545923722028	0.0029986280745687454
19611.71518870775	0.002999743778913313
19896.974154826825	0.003000080014286403
20186.382308152035	0.0030000567829839096