20	-0.0007271972580672457
20.290906698750476	-0.0006538982561278847
20.586044732869844	-0.0005798998113057457
20.885475648548283	-0.000504056965767967
21.189261887185914	-0.00042473987350408714
21.49746679841394	-0.000339897399921317
21.810154653305165	-0.0002471236853885811
22.12739065777668	-0.00014372939854147802
22.449240966187475	-0.000026819705885895717
22.77577269513385	0.0001066187729962774
23.107053937445478	0.0002596195760560527
23.44315377638505	0.00043512401836861767
23.784142300054445	0.0006358522363857713
24.130090616010463	0.0008641551378386278
24.481070866093134	0.0011218449107920775
24.837156241469714	0.0014100020418206932
25.1984209978975	0.0017288978426001217
25.56494047120865	0.0020783128436611814
25.936791093020236	0.0024575484416714463
26.3140504066728	0.002865694688323553
26.69679708340074	0.003301591264375077
27.08511093873791	0.0037640465107061996
27.47907294916184	0.00425175044090691
27.878765268980047	0.004763448430915231
28.284271247461966	0.005297809959070407
28.695675446220072	0.005853560910338923
29.11306365684382	0.006429311973719248
29.536522918790062	0.007023796659066332
29.966141537533712	0.007636092502482032
30.402009102982383	0.008265397298139052
30.844216508158908	0.00891107630188237
31.29285596815558	0.009572407058091766
31.74802103936409	0.010248742054728015
32.20980663898519	0.0109396578774636
32.67830906482211	0.011644657493914641
33.153626015361866	0.012363294655407291
33.63585661014871	0.013095285879648972
34.125101410453844	0.013840173243358508
34.62146244024586	0.014597413412316268
35.12504320746613	0.015366602281471761
35.635948725613716	0.01614754223994533
36.15428553564419	0.016939856502454782
36.68016172818701	0.017743035632265668
37.21368696608603	0.018556622396692056
37.754972507267915	0.01938038805702395
38.30413122794313	0.02021435036286827
38.86127764614443	0.02105833277081837
39.4265279456077	0.02191196373800998
40.000000000000206	0.022774817538993977
40.58181339750116	0.02364654729720745
41.1720894657399	0.024527010546050006
41.77095129709678	0.025416387555501085
42.37852377437204	0.02631513857212974
42.9949335968281	0.02722349132543563
43.62030930661056	0.028141380014861904
44.25478131555359	0.02906852944175023
44.89848193237519	0.030004530932554504
45.55154539026795	0.03094891020768225
46.21410787489121	0.03190118748267402
46.88630755277036	0.0328609301579955
47.56828460010916	0.03382779845152664
48.260181232021196	0.03480158429878566
48.962141732186545	0.035782243755799664
49.674312482939705	0.03676992301493243
50.39684199579528	0.03776497798628814
51.129880942417586	0.03876798721502299
51.873582186040764	0.039779757686149275
52.628100813345895	0.040801322845453035
53.393594166801776	0.04183393192821985
54.17022187747612	0.04287902943208302
54.95814589832399	0.043938223338546675
55.75753053796041	0.04501324046041927
56.56854249492426	0.04610586709658537
57.39135089244048	0.0472178730040002
58.226127313687975	0.048350916600544205
59.073045837580466	0.04950642928043843
59.932283075067765	0.05068564945922903
60.804018205965114	0.05189015079452635
61.68843301631817	0.05312182972647933
62.58571193631152	0.054382692631784815
63.49604207872855	0.05567478856543728
64.41961327797075	0.05700063948769894
65.35661812964459	0.058363107707382005
66.3072520307241	0.05976522757908423
67.27171322029778	0.06121053454893008
68.25020282090806	0.06270281048694844
69.2429248804921	0.06424578078600406
70.25008641493265	0.06584330519663807
71.27189745122783	0.0674991455509322
72.30857107128878	0.06921722856470405
73.36032345637442	0.07100184412885609
74.42737393217246	0.07285721179815811
75.50994501453623	0.07478753607480022
76.60826245588666	0.07679697872259586
77.72255529228926	0.07888896841592583
78.85305589121582	0.08106599132516577
80.00000000000082	0.0833294759757043
81.16362679500274	0.08567977430508487
82.34417893148023	0.08811663234544113
83.541902594194	0.09063896439096604
84.75704754874454	0.09324452258641162
85.98986719365665	0.09593006364906155
87.24061861322157	0.09869100861525466
88.50956263110764	0.10152161708644528
89.79696386475084	0.10441527624622929
91.10309078053635	0.10736470733293228
92.42821574978288	0.11036209593213836
93.77261510554118	0.11339936729019763
95.13656920021877	0.11646904417550331
96.52036246404286	0.11956441880478566
97.92428346437356	0.12267968874977249
99.34862496587989	0.12581071652945436
100.79368399159105	0.12895533343916837
102.25976188483567	0.1321140725303131
103.74716437208203	0.1352902192820218
105.25620162669229	0.1384896186324083
106.78718833360406	0.1417206847543649
108.34044375495276	0.1449950678668081
109.9162917966485	0.14832758802844703
111.51506107592134	0.1517358733229553
113.13708498984903	0.15523990821710765
114.78270178488147	0.15886146446219887
116.45225462737648	0.16262338254442107
118.14609167516147	0.1665486679492398
119.86456615013608	0.1706593636524244
121.60803641193078	0.1749754088602425
123.3768660326369	0.17951419916342864
125.17142387262359	0.18429007788776242
126.99208415745765	0.18931373506805635
128.83922655594208	0.1945922593975963
130.71323625928977	0.2001290631124651
132.61450406144883	0.2059236700035944
134.5434264405962	0.21197215005878767
136.50040564181674	0.21826768523533416
138.48584976098482	0.22480181739898705
140.50017282986593	0.23156558757866372
142.5437949024563	0.23855030358102336
144.61714214257822	0.2457479391762732
146.7206469127495	0.25315145251702453
148.8547478643456	0.2607555983270265
151.01989002907314	0.26855682598947667
153.216524911774	0.27655370011952474
155.4451105845792	0.28474697578183056
157.70611178243232	0.29313843821244073
160.00000000000236	0.30173057045958257
162.3272535900062	0.3105270599958734
164.6883578629612	0.31953233309012696
167.08380518838874	0.3287516321566323
169.51409509748981	0.338191011825539
171.97973438731407	0.3478569272478841
174.4812372264439	0.35775571367980363
177.01912526221608	0.36789391089527373
179.5939277295025	0.3782784609133998
182.20618156107355	0.38891676899754
184.85643149956664	0.39981727280301305
187.54523021108326	0.41098882810310533
190.27313840043846	0.42244092168973063
193.04072492808663	0.43418470615769156
195.84856692874806	0.44623276278237567
198.69724993176072	0.45859930709653124
201.58736798318304	0.47130009684599394
204.5195237696723	0.4843516399730866
207.49432874416505	0.49777001598577525
210.5124032533856	0.5115703766478201
213.57437666720915	0.5257659756453865
216.68088750990657	0.5403666845990102
219.83258359329807	0.5553784975550231
223.03012215184378	0.5708040287452277
226.2741699796992	0.5866424364406971
229.5654035697641	0.6028891624928626
232.90450925475412	0.6195375066406238
236.2921833503241	0.6365792306946825
239.72913230027333	0.6540066817476792
243.21607282386276	0.6718135407020359
246.75373206527502	0.6899963252679836
250.34284774524843	0.708557110932879
253.9841683149166	0.7275053151557754
257.67845311188546	0.7468571769414556
261.42647251858085	0.766635989300724
265.22900812289896	0.7868730456334605
269.08685288119375	0.8076060131220177
273.0008112836349	0.8288759733418545
276.97169952197106	0.85072486825023
281.00034565973334	0.8731922818263043
285.0875898049141	0.8963128898693975
289.23428428515797	0.9201149816266605
293.44129382550057	0.9446194821712385
297.7094957286928	0.9698384005653384
302.0397800581479	0.9957752068860909
306.4330498235497	1.0224245396900555
310.89022116916016	1.0497722890470318
315.41222356486645	1.0777966241400263
320.00000000000654	1.1064700521050186
324.6545071800142	1.1357620587632176
329.3767157259242	1.1656407565039801
334.16761037677935	1.1960753317199373
339.02819019498156	1.2270394199921861
343.95946877463007	1.2585131877245548
348.9624744528898	1.2904841720695948
354.03825052443415	1.3229487158551763
359.187855459007	1.3559128308268813
364.4123631221491	1.3893930939912968
369.71286299913527	1.4234143723041797
375.0904604221685	1.4580080754776374
380.54627680087896	1.4932114928215776
386.08144985617537	1.5290654661381005
391.6971338574982	1.565610191539528
397.3944998635236	1.6028816551549723
403.1747359663683	1.6409092585005407
409.0390475393468	1.679714540236867
414.9886574883323	1.7193109209677322
421.0248065067734	1.7597044265947022
427.1487533344206	1.800894619206341
433.3617750198154	1.8428734538303124
439.6651671865984	1.8856242871779525
446.06024430368984	1.9291210594012496
452.54833995940066	1.9733261734830325
459.13080713953053	2.018191167532674
465.8090185095106	2.0636555444544875
472.58436670065066	2.1096431162408438
479.45826460054917	2.1560585864509996
486.432145647728	2.2027830560541366
493.50746413055253	2.2496715586916864
500.6856954904994	2.296554249120113
507.9683366298358	2.3432431484734857
515.3569062237735	2.389546543648391
522.8529450371643	2.435281162624472
530.4580162458005	2.4802774150255487
538.1737057623901	2.524382321505444
546.0016225672724	2.5674639298673347
553.9433990439449	2.6094121693656875
562.0006913194694	2.65013989044205
570.1751796098309	2.6895867998933074
578.4685685703187	2.727717461760563
586.8825876510039	2.76451669329962
595.4189914573883	2.7999791793599886
604.0795601162986	2.834102063009195
612.8660996471021	2.866876127840188
621.780442338323	2.8982790738905613
630.8244471297356	2.928274560919272
640.0000000000159	2.9568115108748287
649.3090143600314	2.9838288507191013
658.7534314518515	3.0092601164714137
668.3352207535618	3.033039658648194
678.0563803899662	3.0551071388349524
687.9189375492632	3.075409435626427
697.9249489057827	3.0939002940424993
708.0765010488715	3.110539419788318
718.3757109180171	3.1252955282541293
728.8247262443015	3.138148179859168
739.425725998274	3.149084340329426
750.1809208443404	3.1580983931699422
761.0925536017613	3.1651928611702234
772.1628997123541	3.170378425399057
783.3942677149998	3.1736747673723165
794.7889997270506	3.175116921268116
806.34947193274	3.1747640112397697
818.0780950786972	3.1727134515945727
829.9773149766683	3.1691186467741526
842.0496130135506	3.164219663161464
854.2975066688449	3.158371647818158
866.7235500396347	3.1520308146634894
879.3303343732008	3.1457211806082332
892.1204886073838	3.1400183366401087
905.0966799188055	3.1355282568300837
918.2616142790653	3.132881471207257
931.6180370190256	3.1327381638784435
945.1687334013056	3.1357952535329225
958.9165292011028	3.1427874070647284
972.8642912954606	3.1544771073680105
987.0149282611097	3.1716408113770314
1001.3713909810035	3.1950497394430144
1015.9366732596762	3.2254501976477368
1030.7138124475518	3.2635352567808384
1045.7058900743334	3.3099225507847256
1060.916032491606	3.3651357703210216
1076.3474115247852	3.429583656462091
1092.0032451345498	3.5035410692785893
1107.8867980878947	3.5871387295248494
1124.0013826389438	3.6803578836350255
1140.350359219667	3.7830230250536268
1156.9371371406426	3.8948090496235928
1173.765175302013	4.015255432195466
1190.837982914782	4.143773842823377
1208.1591202326028	4.279668170521865
1225.73219929421	4.422157334611285
1243.5608846766518	4.570395659761878
1261.648894259477	4.723498807330073
1280.0000000000375	4.8805724773197925
1298.6180287200684	5.040735478066402
1317.5068629037087	5.203150881521463
1336.6704415071292	5.367049910034526
1356.112760779938	5.531761759602849
1375.8378750985323	5.6967376166205215
1395.8498978115715	5.861561437316701
1416.153002097749	6.025954977179183
1436.7514218360407	6.189785946341561
1457.6494524886093	6.353077992714494
1478.8514519965543	6.516002405741422
1500.3618416886875	6.6788738873549205
1522.1851072035295	6.8421502603216355
1544.3257994247153	7.006416035668806
1566.788535430007	7.172354318433746
1589.5779994541087	7.340712790480151
1612.6989438654878	7.512258731395827
1636.156190157402	7.68774334597504
1659.9546299533442	7.867877800045716
1684.099226027109	8.053295656622815
1708.5950133376978	8.24451452696647
1733.4471000792773	8.44189812567411
1758.6606687464096	8.645638978341388
1784.2409772147755	8.85574653533346
1810.193359837619	9.072045793325206
1836.5232285581387	9.294175870654065
1863.2360740380593	9.521605842781943
1890.3374668026197	9.753664079574044
1917.833058402214	9.989582842364964
1945.7285825909298	10.228534871147604
1974.0298565222283	10.469671262266973
2002.7427819620161	10.712160006734734
2031.8733465193618	10.955219054999066
2061.4276248951132	11.198143322714804
2091.411780148677	11.440336342383565
2121.832064983222	11.681320099986934
2152.694823049581	11.920733066512259
2184.0064902691106	12.158329086857409
2215.7735961758003	12.393963261659119
2248.002765277899	12.627567821473885
2280.7007184393456	12.859116236596222
2313.874274281297	13.088562415219506
2347.530350604038	13.315805009619782
2381.6759658295764	13.540655252818219
2416.318240465218	13.762788652282932
2451.4643985884327	13.981734755958996
2487.1217693533167	14.196870345278171
2523.2977885189675	14.407415043852827
2560.0000000000887	14.612427043760839
2597.236057440151	14.810825858159957
2635.0137258074315	15.001439964599681
2673.340883014273	15.183043898978456
2712.225521559891	15.35438414225517
2751.6757501970797	15.51420749201891
2791.699795623158	15.66129735592927
2832.3060041955137	15.79450125696194
2873.502843672097	15.912787763089826
2915.2989049772345	16.01529591980862
2957.7029039931244	16.10134143254325
3000.723683377391	16.17045578946284
3044.370214407075	16.222447360402686
3088.6515988494466	16.257429293534912
3133.57707086003	16.275882701068888
3179.1559989082334	16.27868970347562
3225.3978877309914	16.267164479473205
3272.3123803148205	16.243016808439155
3319.9092599067053	16.208291548422245
3368.198452054235	16.165231283379747
3417.190026675413	16.116119104843868
3466.8942001585724	16.063010914021213
3517.3213374928373	16.007428498645613
3568.4819544295697	15.950063436473595
3620.386719675257	15.89058732971814
3673.0464571162966	15.827559231212843
3726.472148076138	15.758479640262367
3780.6749336052594	15.68009349381319
3835.6661168044484	15.588832586234435
3891.45716518188	15.481286954284107
3948.059713044477	15.354811879734422
4005.4855639240527	15.208033065159285
4063.746693038744	15.041181156933757
4122.855249790247	14.856121031637338
4182.823560297375	14.656088576988378
4243.664129966465	14.44516144348933
4305.389646099183	14.22754672600144
4368.012980538242	14.006835482507324
4431.5471923516225	13.785507153974878
4496.00553055582	13.564980232887049
4561.401436878714	13.346113773388712
4627.748548562617	13.12999431755841
4695.060701208099	12.918880578315793
4763.351931659176	12.71674193274128
4832.63648093046	12.528971087090772
4902.928797176889	12.361281469089963
4974.243538706657	12.217948964118019
5046.595577037959	12.099991206264969
5120.000000000202	12.004149356406174
5194.472114880326	11.923220007894747
5270.027451614888	11.84782343656806
5346.6817660285715	11.768923539675376
5424.451043119808	11.6799834698503
5503.351500394186	11.57797915421495
5583.399591246343	11.46296159267916
5664.612008391055	11.336153065492848
5747.005687344222	11.197299582946206
5830.597809954497	11.042679305012747
5915.405807986278	10.864526813722291
6001.447366754812	10.652442121375739
6088.740428814181	10.39625067207846
6177.303197698925	10.089365324036018
6267.154141720092	9.731694362022811
6358.3119978165005	9.330902297213228
6450.795775462017	8.900909869113857
6544.624760629676	8.457893816129463
6639.818519813445	8.014947914080327
6736.396904108505	7.578103492907123
6834.380053350861	7.146991450144157
6933.788400317181	6.720828924950557
7034.642674985712	6.30639194394666
7136.963908859177	5.921762568382473
7240.773439350552	5.591626107788129
7346.092914232631	5.337302205025348
7452.944296152315	5.172643835683891
7561.349867210557	5.112983888535942
7671.332233608935	5.1878351680253925
7782.914330363799	5.434535494848363
7896.119426088994	5.861891703967458
8010.971127848146	6.406361538324992
8127.49338607753	6.921679461027847
8245.710499580537	7.2157989290728395
8365.647120594791	7.112459343785227
8487.328259932974	6.508667350866109
8610.77929219841	5.414589431897195
8736.025961076528	3.9647343319145785
8863.094384703289	2.38111439433571
8992.011061111683	0.8847302833135872
9122.802873757471	-0.382583515684605
9255.497097125279	-1.3417288149553286
9390.121402416245	-1.9050713074066925
9526.7038633184	-1.975240640065237
9665.272961860968	-1.5262375783414595
9805.857594353829	-0.6612534495126499
9948.487077413367	0.3997591835016975
10093.19115407597	1.3782436033574526
10240.000000000457	2.02350831576424
10388.944229760706	2.196764887664002
10540.05490322983	1.9094640723642042
10693.363532057198	1.295364994458319
10848.902086239672	0.5371082466995274
11006.703000788428	-0.19687561933468675
11166.799182492743	-0.7605093871576114
11329.224016782166	-1.0130512528775448
11494.0113746885	-0.8363875821902909
11661.195619909053	-0.1771029388900276
11830.811615972614	0.9131069717340248
12002.894733509682	2.2268592700909697
12177.48085762842	3.4054902373586975
12354.606395397908	4.0763970393999145
12534.308283440243	4.050128046752781
12716.62399563306	3.4320550233694207
12901.591550924093	2.569448869857723
13089.249521259411	1.8510517218281222
13279.637039626952	1.5167738567945352
13472.793808217073	1.6441738127648071
13668.760106701786	2.207208866035311
13867.576800634426	3.04064512832554
14069.285349971487	3.8226075256495338
14273.927817718419	4.205808601154131
14481.54687870117	3.9980905226305725
14692.18582846533	3.2469199070207044
14905.888592304698	2.189444756136753
15122.699734421185	1.125725375018651
15342.664467217943	0.3168626336810585
15565.828660727671	-0.08867641451090402
15792.238852178061	-0.11154031470917627
16021.942255696367	0.11116338091907768
16254.986772155136	0.36427445015276033
16491.42099916115	0.336672631014477
16731.294241189662	-0.1910423592292492
16974.65651986603	-1.084042393690298
17221.558584396902	-1.8688812928861314
17472.051922153143	-2.0477918340680343
17726.188769406665	-1.4045893163257306
17984.022122223458	-0.18253906446872067
18245.605747515034	0.9297172865508212
18510.99419425065	1.3822969842911987
18780.242804832582	1.2758591062268292
19053.40772663689	1.0201739536299808
19330.545923722028	0.8045189597528565
19611.71518870775	0.6402822392209743
19896.974154826825	0.5048519205681212
20186.382308152035	0.38249184435500655